0.000000000000000000e+00 1.000000000000000000e+00 4.966911077499389648e-01
2.004008041694760323e-03 1.000000000000000000e+00 8.761101961135864258e-01
4.008016083389520645e-03 1.000000000000000000e+00 1.024593591690063477e+00
6.012024357914924622e-03 1.000000000000000000e+00 1.057411551475524902e+00
8.016032166779041290e-03 1.000000000000000000e+00 1.049686551094055176e+00
1.002003997564315796e-02 1.000000000000000000e+00 1.033654212951660156e+00
1.202404871582984924e-02 1.000000000000000000e+00 1.019364595413208008e+00
1.402805652469396591e-02 1.000000000000000000e+00 1.008795499801635742e+00
1.603206433355808258e-02 1.000000000000000000e+00 1.001572966575622559e+00
1.803607307374477386e-02 1.000000000000000000e+00 9.968658685684204102e-01
2.004007995128631592e-02 1.000000000000000000e+00 9.939275979995727539e-01
2.204408869147300720e-02 1.000000000000000000e+00 9.921921491622924805e-01
2.404809743165969849e-02 1.000000000000000000e+00 9.912706613540649414e-01
2.605210430920124054e-02 1.000000000000000000e+00 9.908865690231323242e-01
2.805611304938793182e-02 1.000000000000000000e+00 9.908667802810668945e-01
3.006011992692947388e-02 1.000000000000000000e+00 9.910969734191894531e-01
3.206412866711616516e-02 1.000000000000000000e+00 9.914965629577636719e-01
3.406813740730285645e-02 1.000000000000000000e+00 9.920166730880737305e-01
3.607214614748954773e-02 1.000000000000000000e+00 9.926241636276245117e-01
3.807615116238594055e-02 1.000000000000000000e+00 9.932914972305297852e-01
4.008015990257263184e-02 1.000000000000000000e+00 9.940055608749389648e-01
4.208416864275932312e-02 1.000000000000000000e+00 9.947497844696044922e-01
4.408817738294601440e-02 1.000000000000000000e+00 9.955173730850219727e-01
4.609218612313270569e-02 1.000000000000000000e+00 9.962928295135498047e-01
4.809619486331939697e-02 1.000000000000000000e+00 9.970732927322387695e-01
5.010019987821578979e-02 1.000000000000000000e+00 9.978495836257934570e-01
5.210420861840248108e-02 1.000000000000000000e+00 9.986163377761840820e-01
5.410821735858917236e-02 1.000000000000000000e+00 9.993664026260375977e-01
5.611222609877586365e-02 1.000000000000000000e+00 1.000098347663879395e+00
5.811623483896255493e-02 1.000000000000000000e+00 1.000804781913757324e+00
6.012023985385894775e-02 1.000000000000000000e+00 1.001483559608459473e+00
6.212424859404563904e-02 1.000000000000000000e+00 1.002134203910827637e+00
6.412825733423233032e-02 1.000000000000000000e+00 1.002750992774963379e+00
6.613226234912872314e-02 1.000000000000000000e+00 1.003331780433654785e+00
6.813627481460571289e-02 1.000000000000000000e+00 1.003879904747009277e+00
7.014027982950210571e-02 1.000000000000000000e+00 1.004390239715576172e+00
7.214429229497909546e-02 1.000000000000000000e+00 1.004862904548645020e+00
7.414829730987548828e-02 1.000000000000000000e+00 1.005296587944030762e+00
7.615230232477188110e-02 1.000000000000000000e+00 1.005695223808288574e+00
7.815631479024887085e-02 1.000000000000000000e+00 1.006056189537048340e+00
8.016031980514526367e-02 1.000000000000000000e+00 1.006381273269653320e+00
8.216433227062225342e-02 1.000000000000000000e+00 1.006668448448181152e+00
8.416833728551864624e-02 1.000000000000000000e+00 1.006921052932739258e+00
8.617234230041503906e-02 1.000000000000000000e+00 1.007139325141906738e+00
8.817635476589202881e-02 1.000000000000000000e+00 1.007322907447814941e+00
9.018035978078842163e-02 1.000000000000000000e+00 1.007476449012756348e+00
9.218437224626541138e-02 1.000000000000000000e+00 1.007595896720886230e+00
9.418837726116180420e-02 1.000000000000000000e+00 1.007686734199523926e+00
9.619238972663879395e-02 1.000000000000000000e+00 1.007748365402221680e+00
9.819639474153518677e-02 1.000000000000000000e+00 1.007781624794006348e+00
1.002003997564315796e-01 1.000000000000000000e+00 1.007788419723510742e+00
1.022044122219085693e-01 1.000000000000000000e+00 1.007770419120788574e+00
1.042084172368049622e-01 1.000000000000000000e+00 1.007728099822998047e+00
1.062124297022819519e-01 1.000000000000000000e+00 1.007661581039428711e+00
1.082164347171783447e-01 1.000000000000000000e+00 1.007573723793029785e+00
1.102204397320747375e-01 1.000000000000000000e+00 1.007465720176696777e+00
1.122244521975517273e-01 1.000000000000000000e+00 1.007337927818298340e+00
1.142284572124481201e-01 1.000000000000000000e+00 1.007191419601440430e+00
1.162324696779251099e-01 1.000000000000000000e+00 1.007027268409729004e+00
1.182364746928215027e-01 1.000000000000000000e+00 1.006847262382507324e+00
1.202404797077178955e-01 1.000000000000000000e+00 1.006651282310485840e+00
1.222444921731948853e-01 1.000000000000000000e+00 1.006441235542297363e+00
1.242484971880912781e-01 1.000000000000000000e+00 1.006217241287231445e+00
1.262525022029876709e-01 1.000000000000000000e+00 1.005981564521789551e+00
1.282565146684646606e-01 1.000000000000000000e+00 1.005733847618103027e+00
1.302605271339416504e-01 1.000000000000000000e+00 1.005476474761962891e+00
1.322645246982574463e-01 1.000000000000000000e+00 1.005208134651184082e+00
1.342685371637344360e-01 1.000000000000000000e+00 1.004930973052978516e+00
1.362725496292114258e-01 1.000000000000000000e+00 1.004644751548767090e+00
1.382765620946884155e-01 1.000000000000000000e+00 1.004350900650024414e+00
1.402805596590042114e-01 1.000000000000000000e+00 1.004051089286804199e+00
1.422845721244812012e-01 1.000000000000000000e+00 1.003745198249816895e+00
1.442885845899581909e-01 1.000000000000000000e+00 1.003433227539062500e+00
1.462925821542739868e-01 1.000000000000000000e+00 1.003115892410278320e+00
1.482965946197509766e-01 1.000000000000000000e+00 1.002794623374938965e+00
1.503006070852279663e-01 1.000000000000000000e+00 1.002469897270202637e+00
1.523046046495437622e-01 1.000000000000000000e+00 1.002141952514648438e+00
1.543086171150207520e-01 1.000000000000000000e+00 1.001812338829040527e+00
1.563126295804977417e-01 1.000000000000000000e+00 1.001478552818298340e+00
1.583166420459747314e-01 1.000000000000000000e+00 1.001144289970397949e+00
1.603206396102905273e-01 1.000000000000000000e+00 1.000809073448181152e+00
1.623246520757675171e-01 1.000000000000000000e+00 1.000472784042358398e+00
1.643286645412445068e-01 1.000000000000000000e+00 1.000136733055114746e+00
1.663326621055603027e-01 1.000000000000000000e+00 9.998008012771606445e-01
1.683366745710372925e-01 1.000000000000000000e+00 9.994636774063110352e-01
1.703406870365142822e-01 1.000000000000000000e+00 9.991289377212524414e-01
1.723446846008300781e-01 1.000000000000000000e+00 9.987950325012207031e-01
1.743486970663070679e-01 1.000000000000000000e+00 9.984638690948486328e-01
1.763527095317840576e-01 1.000000000000000000e+00 9.981337785720825195e-01
1.783567219972610474e-01 1.000000000000000000e+00 9.978055953979492188e-01
1.803607195615768433e-01 1.000000000000000000e+00 9.974796772003173828e-01
1.823647320270538330e-01 1.000000000000000000e+00 9.971569776535034180e-01
1.843687444925308228e-01 1.000000000000000000e+00 9.968372583389282227e-01
1.863727420568466187e-01 1.000000000000000000e+00 9.965212345123291016e-01
1.883767545223236084e-01 1.000000000000000000e+00 9.962086677551269531e-01
1.903807669878005981e-01 1.000000000000000000e+00 9.958993196487426758e-01
1.923847794532775879e-01 1.000000000000000000e+00 9.955936670303344727e-01
1.943887770175933838e-01 1.000000000000000000e+00 9.952930212020874023e-01
1.963927894830703735e-01 1.000000000000000000e+00 9.949959516525268555e-01
1.983968019485473633e-01 1.000000000000000000e+00 9.947034120559692383e-01
2.004007995128631592e-01 1.000000000000000000e+00 9.944159984588623047e-01
2.024048119783401489e-01 1.000000000000000000e+00 9.941337108612060547e-01
2.044088244438171387e-01 1.000000000000000000e+00 9.938558340072631836e-01
2.064128220081329346e-01 1.000000000000000000e+00 9.935839176177978516e-01
2.084168344736099243e-01 1.000000000000000000e+00 9.933156967163085938e-01
2.104208469390869141e-01 1.000000000000000000e+00 9.930533170700073242e-01
2.124248594045639038e-01 1.000000000000000000e+00 9.927960634231567383e-01
2.144288569688796997e-01 1.000000000000000000e+00 9.925451278686523438e-01
2.164328694343566895e-01 1.000000000000000000e+00 9.922999143600463867e-01
2.184368818998336792e-01 1.000000000000000000e+00 9.920600652694702148e-01
2.204408794641494751e-01 1.000000000000000000e+00 9.918271303176879883e-01
2.224448919296264648e-01 1.000000000000000000e+00 9.915980100631713867e-01
2.244489043951034546e-01 1.000000000000000000e+00 9.913765192031860352e-01
2.264529019594192505e-01 1.000000000000000000e+00 9.911602735519409180e-01
2.284569144248962402e-01 1.000000000000000000e+00 9.909499883651733398e-01
2.304609268903732300e-01 1.000000000000000000e+00 9.907456636428833008e-01
2.324649393558502197e-01 1.000000000000000000e+00 9.905475378036499023e-01
2.344689369201660156e-01 1.000000000000000000e+00 9.903563261032104492e-01
2.364729493856430054e-01 1.000000000000000000e+00 9.901702404022216797e-01
2.384769618511199951e-01 1.000000000000000000e+00 9.899917840957641602e-01
2.404809594154357910e-01 1.000000000000000000e+00 9.898191690444946289e-01
2.424849718809127808e-01 1.000000000000000000e+00 9.896520376205444336e-01
2.444889843463897705e-01 1.000000000000000000e+00 9.894918203353881836e-01
2.464929819107055664e-01 1.000000000000000000e+00 9.893376827239990234e-01
2.484969943761825562e-01 1.000000000000000000e+00 9.891895055770874023e-01
2.505010068416595459e-01 1.000000000000000000e+00 9.890480041503906250e-01
2.525050044059753418e-01 1.000000000000000000e+00 9.889125823974609375e-01
2.545090317726135254e-01 1.000000000000000000e+00 9.887834787368774414e-01
2.565130293369293213e-01 1.000000000000000000e+00 9.886606931686401367e-01
2.585170269012451172e-01 1.000000000000000000e+00 9.885448217391967773e-01
2.605210542678833008e-01 1.000000000000000000e+00 9.884345531463623047e-01
2.625250518321990967e-01 1.000000000000000000e+00 9.883308410644531250e-01
2.645290493965148926e-01 1.000000000000000000e+00 9.882330894470214844e-01
2.665330767631530762e-01 1.000000000000000000e+00 9.881416559219360352e-01
2.685370743274688721e-01 1.000000000000000000e+00 9.880564212799072266e-01
2.705410718917846680e-01 1.000000000000000000e+00 9.879764318466186523e-01
2.725450992584228516e-01 1.000000000000000000e+00 9.879046678543090820e-01
2.745490968227386475e-01 1.000000000000000000e+00 9.878367185592651367e-01
2.765531241893768311e-01 1.000000000000000000e+00 9.877759218215942383e-01
2.785571217536926270e-01 1.000000000000000000e+00 9.877208471298217773e-01
2.805611193180084229e-01 1.000000000000000000e+00 9.876723289489746094e-01
2.825651466846466064e-01 1.000000000000000000e+00 9.876288175582885742e-01
2.845691442489624023e-01 1.000000000000000000e+00 9.875915050506591797e-01
2.865731418132781982e-01 1.000000000000000000e+00 9.875601530075073242e-01
2.885771691799163818e-01 1.000000000000000000e+00 9.875344038009643555e-01
2.905811667442321777e-01 1.000000000000000000e+00 9.875152111053466797e-01
2.925851643085479736e-01 1.000000000000000000e+00 9.875007867813110352e-01
2.945891916751861572e-01 1.000000000000000000e+00 9.874911308288574219e-01
2.965931892395019531e-01 1.000000000000000000e+00 9.874891042709350586e-01
2.985971868038177490e-01 1.000000000000000000e+00 9.874918460845947266e-01
3.006012141704559326e-01 1.000000000000000000e+00 9.874991178512573242e-01
3.026052117347717285e-01 1.000000000000000000e+00 9.875130653381347656e-01
3.046092092990875244e-01 1.000000000000000000e+00 9.875324964523315430e-01
3.066132366657257080e-01 1.000000000000000000e+00 9.875556230545043945e-01
3.086172342300415039e-01 1.000000000000000000e+00 9.875856637954711914e-01
3.106212317943572998e-01 1.000000000000000000e+00 9.876192808151245117e-01
3.126252591609954834e-01 1.000000000000000000e+00 9.876595735549926758e-01
3.146292567253112793e-01 1.000000000000000000e+00 9.877043962478637695e-01
3.166332840919494629e-01 1.000000000000000000e+00 9.877539873123168945e-01
3.186372816562652588e-01 1.000000000000000000e+00 9.878093004226684570e-01
3.206412792205810547e-01 1.000000000000000000e+00 9.878691434860229492e-01
3.226453065872192383e-01 1.000000000000000000e+00 9.879342317581176758e-01
3.246493041515350342e-01 1.000000000000000000e+00 9.880034923553466797e-01
3.266533017158508301e-01 1.000000000000000000e+00 9.880763292312622070e-01
3.286573290824890137e-01 1.000000000000000000e+00 9.881556034088134766e-01
3.306613266468048096e-01 1.000000000000000000e+00 9.882390499114990234e-01
3.326653242111206055e-01 1.000000000000000000e+00 9.883267879486083984e-01
3.346693515777587891e-01 1.000000000000000000e+00 9.884188175201416016e-01
3.366733491420745850e-01 1.000000000000000000e+00 9.885154962539672852e-01
3.386773467063903809e-01 1.000000000000000000e+00 9.886161088943481445e-01
3.406813740730285645e-01 1.000000000000000000e+00 9.887210130691528320e-01
3.426853716373443604e-01 1.000000000000000000e+00 9.888314008712768555e-01
3.446893692016601562e-01 1.000000000000000000e+00 9.889446496963500977e-01
3.466933965682983398e-01 1.000000000000000000e+00 9.890621900558471680e-01
3.486973941326141357e-01 1.000000000000000000e+00 9.891841411590576172e-01
3.507014214992523193e-01 1.000000000000000000e+00 9.893096685409545898e-01
3.527054190635681152e-01 1.000000000000000000e+00 9.894385337829589844e-01
3.547094166278839111e-01 1.000000000000000000e+00 9.895720481872558594e-01
3.567134439945220947e-01 1.000000000000000000e+00 9.897085428237915039e-01
3.587174415588378906e-01 1.000000000000000000e+00 9.898493289947509766e-01
3.607214391231536865e-01 1.000000000000000000e+00 9.899936914443969727e-01
3.627254664897918701e-01 1.000000000000000000e+00 9.901397228240966797e-01
3.647294640541076660e-01 1.000000000000000000e+00 9.902917146682739258e-01
3.667334616184234619e-01 1.000000000000000000e+00 9.904453754425048828e-01
3.687374889850616455e-01 1.000000000000000000e+00 9.906038045883178711e-01
3.707414865493774414e-01 1.000000000000000000e+00 9.907644987106323242e-01
3.727454841136932373e-01 1.000000000000000000e+00 9.909284114837646484e-01
3.747495114803314209e-01 1.000000000000000000e+00 9.910964965820312500e-01
3.767535090446472168e-01 1.000000000000000000e+00 9.912661314010620117e-01
3.787575066089630127e-01 1.000000000000000000e+00 9.914393424987792969e-01
3.807615339756011963e-01 1.000000000000000000e+00 9.916152954101562500e-01
3.827655315399169922e-01 1.000000000000000000e+00 9.917938709259033203e-01
3.847695589065551758e-01 1.000000000000000000e+00 9.919756650924682617e-01
3.867735564708709717e-01 1.000000000000000000e+00 9.921597242355346680e-01
3.887775540351867676e-01 1.000000000000000000e+00 9.923465251922607422e-01
3.907815814018249512e-01 1.000000000000000000e+00 9.925361871719360352e-01
3.927855789661407471e-01 1.000000000000000000e+00 9.927281141281127930e-01
3.947895765304565430e-01 1.000000000000000000e+00 9.929220676422119141e-01
3.967936038970947266e-01 1.000000000000000000e+00 9.931187629699707031e-01
3.987976014614105225e-01 1.000000000000000000e+00 9.933173656463623047e-01
4.008015990257263184e-01 1.000000000000000000e+00 9.935179948806762695e-01
4.028056263923645020e-01 1.000000000000000000e+00 9.937213659286499023e-01
4.048096239566802979e-01 1.000000000000000000e+00 9.939264059066772461e-01
4.068136215209960938e-01 1.000000000000000000e+00 9.941341876983642578e-01
4.088176488876342773e-01 1.000000000000000000e+00 9.943422079086303711e-01
4.108216464519500732e-01 1.000000000000000000e+00 9.945529699325561523e-01
4.128256440162658691e-01 1.000000000000000000e+00 9.947659969329833984e-01
4.148296713829040527e-01 1.000000000000000000e+00 9.949802160263061523e-01
4.168336689472198486e-01 1.000000000000000000e+00 9.951957464218139648e-01
4.188376665115356445e-01 1.000000000000000000e+00 9.954131841659545898e-01
4.208416938781738281e-01 1.000000000000000000e+00 9.956327676773071289e-01
4.228456914424896240e-01 1.000000000000000000e+00 9.958517551422119141e-01
4.248497188091278076e-01 1.000000000000000000e+00 9.960741996765136719e-01
4.268537163734436035e-01 1.000000000000000000e+00 9.962968826293945312e-01
4.288577139377593994e-01 1.000000000000000000e+00 9.965200424194335938e-01
4.308617413043975830e-01 1.000000000000000000e+00 9.967451095581054688e-01
4.328657388687133789e-01 1.000000000000000000e+00 9.969719648361206055e-01
4.348697364330291748e-01 1.000000000000000000e+00 9.971983432769775391e-01
4.368737637996673584e-01 1.000000000000000000e+00 9.974268674850463867e-01
4.388777613639831543e-01 1.000000000000000000e+00 9.976552724838256836e-01
4.408817589282989502e-01 1.000000000000000000e+00 9.978852272033691406e-01
4.428857862949371338e-01 1.000000000000000000e+00 9.981147050857543945e-01
4.448897838592529297e-01 1.000000000000000000e+00 9.983454942703247070e-01
4.468937814235687256e-01 1.000000000000000000e+00 9.985762834548950195e-01
4.488978087902069092e-01 1.000000000000000000e+00 9.988081455230712891e-01
4.509018063545227051e-01 1.000000000000000000e+00 9.990407228469848633e-01
4.529058039188385010e-01 1.000000000000000000e+00 9.992725849151611328e-01
4.549098312854766846e-01 1.000000000000000000e+00 9.995055198669433594e-01
4.569138288497924805e-01 1.000000000000000000e+00 9.997385740280151367e-01
4.589178562164306641e-01 1.000000000000000000e+00 9.999705553054809570e-01
4.609218537807464600e-01 1.000000000000000000e+00 1.000203609466552734e+00
4.629258513450622559e-01 1.000000000000000000e+00 1.000437140464782715e+00
4.649298787117004395e-01 1.000000000000000000e+00 1.000668525695800781e+00
4.669338762760162354e-01 1.000000000000000000e+00 1.000901341438293457e+00
4.689378738403320312e-01 1.000000000000000000e+00 1.001133561134338379e+00
4.709419012069702148e-01 1.000000000000000000e+00 1.001365661621093750e+00
4.729458987712860107e-01 1.000000000000000000e+00 1.001596808433532715e+00
4.749498963356018066e-01 1.000000000000000000e+00 1.001826763153076172e+00
4.769539237022399902e-01 1.000000000000000000e+00 1.002057313919067383e+00
4.789579212665557861e-01 1.000000000000000000e+00 1.002286672592163086e+00
4.809619188308715820e-01 1.000000000000000000e+00 1.002515316009521484e+00
4.829659461975097656e-01 1.000000000000000000e+00 1.002743124961853027e+00
4.849699437618255615e-01 1.000000000000000000e+00 1.002971053123474121e+00
4.869739413261413574e-01 1.000000000000000000e+00 1.003197193145751953e+00
4.889779686927795410e-01 1.000000000000000000e+00 1.003421068191528320e+00
4.909819662570953369e-01 1.000000000000000000e+00 1.003644943237304688e+00
4.929859638214111328e-01 1.000000000000000000e+00 1.003868222236633301e+00
4.949899911880493164e-01 1.000000000000000000e+00 1.004090189933776855e+00
4.969939887523651123e-01 1.000000000000000000e+00 1.004310965538024902e+00
4.989980161190032959e-01 1.000000000000000000e+00 1.004529118537902832e+00
5.010019540786743164e-01 1.000000000000000000e+00 1.004746317863464355e+00
5.030059814453125000e-01 1.000000000000000000e+00 1.004961729049682617e+00
5.050100088119506836e-01 1.000000000000000000e+00 1.005176663398742676e+00
5.070140361785888672e-01 1.000000000000000000e+00 1.005388498306274414e+00
5.090180635452270508e-01 1.000000000000000000e+00 1.005599260330200195e+00
5.110220313072204590e-01 1.000000000000000000e+00 1.005807638168334961e+00
5.130260586738586426e-01 1.000000000000000000e+00 1.006014943122863770e+00
5.150300264358520508e-01 1.000000000000000000e+00 1.006220221519470215e+00
5.170340538024902344e-01 1.000000000000000000e+00 1.006423234939575195e+00
5.190380811691284180e-01 1.000000000000000000e+00 1.006623029708862305e+00
5.210421085357666016e-01 1.000000000000000000e+00 1.006821513175964355e+00
5.230460762977600098e-01 1.000000000000000000e+00 1.007018208503723145e+00
5.250501036643981934e-01 1.000000000000000000e+00 1.007211565971374512e+00
5.270540714263916016e-01 1.000000000000000000e+00 1.007403016090393066e+00
5.290580987930297852e-01 1.000000000000000000e+00 1.007591605186462402e+00
5.310621261596679688e-01 1.000000000000000000e+00 1.007778286933898926e+00
5.330661535263061523e-01 1.000000000000000000e+00 1.007960915565490723e+00
5.350701212882995605e-01 1.000000000000000000e+00 1.008142471313476562e+00
5.370741486549377441e-01 1.000000000000000000e+00 1.008319854736328125e+00
5.390781164169311523e-01 1.000000000000000000e+00 1.008494615554809570e+00
5.410821437835693359e-01 1.000000000000000000e+00 1.008666515350341797e+00
5.430861711502075195e-01 1.000000000000000000e+00 1.008835315704345703e+00
5.450901985168457031e-01 1.000000000000000000e+00 1.009000778198242188e+00
5.470942258834838867e-01 1.000000000000000000e+00 1.009163498878479004e+00
5.490981936454772949e-01 1.000000000000000000e+00 1.009322524070739746e+00
5.511021614074707031e-01 1.000000000000000000e+00 1.009479641914367676e+00
5.531061887741088867e-01 1.000000000000000000e+00 1.009631872177124023e+00
5.551102161407470703e-01 1.000000000000000000e+00 1.009781241416931152e+00
5.571142435073852539e-01 1.000000000000000000e+00 1.009926438331604004e+00
5.591182708740234375e-01 1.000000000000000000e+00 1.010068297386169434e+00
5.611222386360168457e-01 1.000000000000000000e+00 1.010206341743469238e+00
5.631262063980102539e-01 1.000000000000000000e+00 1.010340690612792969e+00
5.651302337646484375e-01 1.000000000000000000e+00 1.010472059249877930e+00
5.671342611312866211e-01 1.000000000000000000e+00 1.010599851608276367e+00
5.691382884979248047e-01 1.000000000000000000e+00 1.010721325874328613e+00
5.711423158645629883e-01 1.000000000000000000e+00 1.010840296745300293e+00
5.731462836265563965e-01 1.000000000000000000e+00 1.010954976081848145e+00
5.751502513885498047e-01 1.000000000000000000e+00 1.011065483093261719e+00
5.771542787551879883e-01 1.000000000000000000e+00 1.011170864105224609e+00
5.791583061218261719e-01 1.000000000000000000e+00 1.011272549629211426e+00
5.811623334884643555e-01 1.000000000000000000e+00 1.011370301246643066e+00
5.831663608551025391e-01 1.000000000000000000e+00 1.011463403701782227e+00
5.851703286170959473e-01 1.000000000000000000e+00 1.011552095413208008e+00
5.871743559837341309e-01 1.000000000000000000e+00 1.011635899543762207e+00
5.891783237457275391e-01 1.000000000000000000e+00 1.011714935302734375e+00
5.911823511123657227e-01 1.000000000000000000e+00 1.011788964271545410e+00
5.931863784790039062e-01 1.000000000000000000e+00 1.011859178543090820e+00
5.951904058456420898e-01 1.000000000000000000e+00 1.011924862861633301e+00
5.971943736076354980e-01 1.000000000000000000e+00 1.011984586715698242e+00
5.991984009742736816e-01 1.000000000000000000e+00 1.012038826942443848e+00
6.012023687362670898e-01 1.000000000000000000e+00 1.012090206146240234e+00
6.032063961029052734e-01 1.000000000000000000e+00 1.012135386466979980e+00
6.052104234695434570e-01 1.000000000000000000e+00 1.012174248695373535e+00
6.072144508361816406e-01 1.000000000000000000e+00 1.012209296226501465e+00
6.092184185981750488e-01 1.000000000000000000e+00 1.012238144874572754e+00
6.112224459648132324e-01 1.000000000000000000e+00 1.012262225151062012e+00
6.132264137268066406e-01 1.000000000000000000e+00 1.012281060218811035e+00
6.152304410934448242e-01 1.000000000000000000e+00 1.012294173240661621e+00
6.172344684600830078e-01 1.000000000000000000e+00 1.012301802635192871e+00
6.192384958267211914e-01 1.000000000000000000e+00 1.012303709983825684e+00
6.212425231933593750e-01 1.000000000000000000e+00 1.012300372123718262e+00
6.232464909553527832e-01 1.000000000000000000e+00 1.012292385101318359e+00
6.252504587173461914e-01 1.000000000000000000e+00 1.012276530265808105e+00
6.272544860839843750e-01 1.000000000000000000e+00 1.012257456779479980e+00
6.292585134506225586e-01 1.000000000000000000e+00 1.012230992317199707e+00
6.312625408172607422e-01 1.000000000000000000e+00 1.012199401855468750e+00
6.332665681838989258e-01 1.000000000000000000e+00 1.012161731719970703e+00
6.352705359458923340e-01 1.000000000000000000e+00 1.012118220329284668e+00
6.372745037078857422e-01 1.000000000000000000e+00 1.012068748474121094e+00
6.392785310745239258e-01 1.000000000000000000e+00 1.012012839317321777e+00
6.412825584411621094e-01 1.000000000000000000e+00 1.011952280998229980e+00
6.432865858078002930e-01 1.000000000000000000e+00 1.011883974075317383e+00
6.452906131744384766e-01 1.000000000000000000e+00 1.011811733245849609e+00
6.472945809364318848e-01 1.000000000000000000e+00 1.011732220649719238e+00
6.492985486984252930e-01 1.000000000000000000e+00 1.011645913124084473e+00
6.513025760650634766e-01 1.000000000000000000e+00 1.011554718017578125e+00
6.533066034317016602e-01 1.000000000000000000e+00 1.011456131935119629e+00
6.553106307983398438e-01 1.000000000000000000e+00 1.011352896690368652e+00
6.573146581649780273e-01 1.000000000000000000e+00 1.011241555213928223e+00
6.593186259269714355e-01 1.000000000000000000e+00 1.011125683784484863e+00
6.613226532936096191e-01 1.000000000000000000e+00 1.011002779006958008e+00
6.633266210556030273e-01 1.000000000000000000e+00 1.010873675346374512e+00
6.653306484222412109e-01 1.000000000000000000e+00 1.010738492012023926e+00
6.673346757888793945e-01 1.000000000000000000e+00 1.010597109794616699e+00
6.693387031555175781e-01 1.000000000000000000e+00 1.010448813438415527e+00
6.713426709175109863e-01 1.000000000000000000e+00 1.010294318199157715e+00
6.733466982841491699e-01 1.000000000000000000e+00 1.010134816169738770e+00
6.753506660461425781e-01 1.000000000000000000e+00 1.009967327117919922e+00
6.773546934127807617e-01 1.000000000000000000e+00 1.009795308113098145e+00
6.793587207794189453e-01 1.000000000000000000e+00 1.009615898132324219e+00
6.813627481460571289e-01 1.000000000000000000e+00 1.009431481361389160e+00
6.833667159080505371e-01 1.000000000000000000e+00 1.009239554405212402e+00
6.853707432746887207e-01 1.000000000000000000e+00 1.009040594100952148e+00
6.873747110366821289e-01 1.000000000000000000e+00 1.008837461471557617e+00
6.893787384033203125e-01 1.000000000000000000e+00 1.008627295494079590e+00
6.913827657699584961e-01 1.000000000000000000e+00 1.008409857749938965e+00
6.933867931365966797e-01 1.000000000000000000e+00 1.008187890052795410e+00
6.953908205032348633e-01 1.000000000000000000e+00 1.007960557937622070e+00
6.973947882652282715e-01 1.000000000000000000e+00 1.007724881172180176e+00
6.993987560272216797e-01 1.000000000000000000e+00 1.007483839988708496e+00
7.014027833938598633e-01 1.000000000000000000e+00 1.007237434387207031e+00
7.034068107604980469e-01 1.000000000000000000e+00 1.006985425949096680e+00
7.054108381271362305e-01 1.000000000000000000e+00 1.006726384162902832e+00
7.074148654937744141e-01 1.000000000000000000e+00 1.006462812423706055e+00
7.094188332557678223e-01 1.000000000000000000e+00 1.006192326545715332e+00
7.114228010177612305e-01 1.000000000000000000e+00 1.005917072296142578e+00
7.134268283843994141e-01 1.000000000000000000e+00 1.005636215209960938e+00
7.154308557510375977e-01 1.000000000000000000e+00 1.005349397659301758e+00
7.174348831176757812e-01 1.000000000000000000e+00 1.005056858062744141e+00
7.194389104843139648e-01 1.000000000000000000e+00 1.004759788513183594e+00
7.214428782463073730e-01 1.000000000000000000e+00 1.004457354545593262e+00
7.234468460083007812e-01 1.000000000000000000e+00 1.004148364067077637e+00
7.254508733749389648e-01 1.000000000000000000e+00 1.003835558891296387e+00
7.274549007415771484e-01 1.000000000000000000e+00 1.003517150878906250e+00
7.294589281082153320e-01 1.000000000000000000e+00 1.003194212913513184e+00
7.314629554748535156e-01 1.000000000000000000e+00 1.002865791320800781e+00
7.334669232368469238e-01 1.000000000000000000e+00 1.002533555030822754e+00
7.354709506034851074e-01 1.000000000000000000e+00 1.002196550369262695e+00
7.374749183654785156e-01 1.000000000000000000e+00 1.001855373382568359e+00
7.394789457321166992e-01 1.000000000000000000e+00 1.001509785652160645e+00
7.414829730987548828e-01 1.000000000000000000e+00 1.001159191131591797e+00
7.434870004653930664e-01 1.000000000000000000e+00 1.000805497169494629e+00
7.454909682273864746e-01 1.000000000000000000e+00 1.000447392463684082e+00
7.474949955940246582e-01 1.000000000000000000e+00 1.000086426734924316e+00
7.494989633560180664e-01 1.000000000000000000e+00 9.997223615646362305e-01
7.515029907226562500e-01 1.000000000000000000e+00 9.993537664413452148e-01
7.535070180892944336e-01 1.000000000000000000e+00 9.989817142486572266e-01
7.555110454559326172e-01 1.000000000000000000e+00 9.986072778701782227e-01
7.575150132179260254e-01 1.000000000000000000e+00 9.982310533523559570e-01
7.595190405845642090e-01 1.000000000000000000e+00 9.978507757186889648e-01
7.615230083465576172e-01 1.000000000000000000e+00 9.974679946899414062e-01
7.635270357131958008e-01 1.000000000000000000e+00 9.970848560333251953e-01
7.655310630798339844e-01 1.000000000000000000e+00 9.966984987258911133e-01
7.675350904464721680e-01 1.000000000000000000e+00 9.963104724884033203e-01
7.695390582084655762e-01 1.000000000000000000e+00 9.959211349487304688e-01
7.715430855751037598e-01 1.000000000000000000e+00 9.955309629440307617e-01
7.735471129417419434e-01 1.000000000000000000e+00 9.951393604278564453e-01
7.755510807037353516e-01 1.000000000000000000e+00 9.947470426559448242e-01
7.775551080703735352e-01 1.000000000000000000e+00 9.943548440933227539e-01
7.795591354370117188e-01 1.000000000000000000e+00 9.939612150192260742e-01
7.815631031990051270e-01 1.000000000000000000e+00 9.935692548751831055e-01
7.835671305656433105e-01 1.000000000000000000e+00 9.931771755218505859e-01
7.855711579322814941e-01 1.000000000000000000e+00 9.927860498428344727e-01
7.875751256942749023e-01 1.000000000000000000e+00 9.923961162567138672e-01
7.895791530609130859e-01 1.000000000000000000e+00 9.920073747634887695e-01
7.915831804275512695e-01 1.000000000000000000e+00 9.916204214096069336e-01
7.935872077941894531e-01 1.000000000000000000e+00 9.912347793579101562e-01
7.955911755561828613e-01 1.000000000000000000e+00 9.908536672592163086e-01
7.975952029228210449e-01 1.000000000000000000e+00 9.904738664627075195e-01
7.995991706848144531e-01 1.000000000000000000e+00 9.900972843170166016e-01
8.016031980514526367e-01 1.000000000000000000e+00 9.897245168685913086e-01
8.036072254180908203e-01 1.000000000000000000e+00 9.893559217453002930e-01
8.056112527847290039e-01 1.000000000000000000e+00 9.889928102493286133e-01
8.076152205467224121e-01 1.000000000000000000e+00 9.886339902877807617e-01
8.096192479133605957e-01 1.000000000000000000e+00 9.882789850234985352e-01
8.116232156753540039e-01 1.000000000000000000e+00 9.879308938980102539e-01
8.136272430419921875e-01 1.000000000000000000e+00 9.875897169113159180e-01
8.156312704086303711e-01 1.000000000000000000e+00 9.872554540634155273e-01
8.176352977752685547e-01 1.000000000000000000e+00 9.869275093078613281e-01
8.196392655372619629e-01 1.000000000000000000e+00 9.866076707839965820e-01
8.216432929039001465e-01 1.000000000000000000e+00 9.862960577011108398e-01
8.236472606658935547e-01 1.000000000000000000e+00 9.859939813613891602e-01
8.256512880325317383e-01 1.000000000000000000e+00 9.857014417648315430e-01
8.276553153991699219e-01 1.000000000000000000e+00 9.854183197021484375e-01
8.296593427658081055e-01 1.000000000000000000e+00 9.851460456848144531e-01
8.316633105278015137e-01 1.000000000000000000e+00 9.848853349685668945e-01
8.336673378944396973e-01 1.000000000000000000e+00 9.846361875534057617e-01
8.356713056564331055e-01 1.000000000000000000e+00 9.844001531600952148e-01
8.376753330230712891e-01 1.000000000000000000e+00 9.841769933700561523e-01
8.396793603897094727e-01 1.000000000000000000e+00 9.839677810668945312e-01
8.416833877563476562e-01 1.000000000000000000e+00 9.837740659713745117e-01
8.436873555183410645e-01 1.000000000000000000e+00 9.835938215255737305e-01
8.456913828849792480e-01 1.000000000000000000e+00 9.834320545196533203e-01
8.476954102516174316e-01 1.000000000000000000e+00 9.832855463027954102e-01
8.496993780136108398e-01 1.000000000000000000e+00 9.831584692001342773e-01
8.517034053802490234e-01 1.000000000000000000e+00 9.830487966537475586e-01
8.537074327468872070e-01 1.000000000000000000e+00 9.829590320587158203e-01
8.557114005088806152e-01 1.000000000000000000e+00 9.828900098800659180e-01
8.577154278755187988e-01 1.000000000000000000e+00 9.828419685363769531e-01
8.597194552421569824e-01 1.000000000000000000e+00 9.828168153762817383e-01
8.617234230041503906e-01 1.000000000000000000e+00 9.828141927719116211e-01
8.637274503707885742e-01 1.000000000000000000e+00 9.828358888626098633e-01
8.657314777374267578e-01 1.000000000000000000e+00 9.828834533691406250e-01
8.677355051040649414e-01 1.000000000000000000e+00 9.829584360122680664e-01
8.697394728660583496e-01 1.000000000000000000e+00 9.830594062805175781e-01
8.717435002326965332e-01 1.000000000000000000e+00 9.831895828247070312e-01
8.737474679946899414e-01 1.000000000000000000e+00 9.833505153656005859e-01
8.757514953613281250e-01 1.000000000000000000e+00 9.835413694381713867e-01
8.777555227279663086e-01 1.000000000000000000e+00 9.837648868560791016e-01
8.797595500946044922e-01 1.000000000000000000e+00 9.840229749679565430e-01
8.817635178565979004e-01 1.000000000000000000e+00 9.843169450759887695e-01
8.837675452232360840e-01 1.000000000000000000e+00 9.846463203430175781e-01
8.857715129852294922e-01 1.000000000000000000e+00 9.850145578384399414e-01
8.877755403518676758e-01 1.000000000000000000e+00 9.854212999343872070e-01
8.897795677185058594e-01 1.000000000000000000e+00 9.858704805374145508e-01
8.917835950851440430e-01 1.000000000000000000e+00 9.863623380661010742e-01
8.937875628471374512e-01 1.000000000000000000e+00 9.868985414505004883e-01
8.957915902137756348e-01 1.000000000000000000e+00 9.874811172485351562e-01
8.977955579757690430e-01 1.000000000000000000e+00 9.881112575531005859e-01
8.997995853424072266e-01 1.000000000000000000e+00 9.887913465499877930e-01
9.018036127090454102e-01 1.000000000000000000e+00 9.895229339599609375e-01
9.038076400756835938e-01 1.000000000000000000e+00 9.903094768524169922e-01
9.058116078376770020e-01 1.000000000000000000e+00 9.911490678787231445e-01
9.078156352043151855e-01 1.000000000000000000e+00 9.920489788055419922e-01
9.098196625709533691e-01 1.000000000000000000e+00 9.930070638656616211e-01
9.118236303329467773e-01 1.000000000000000000e+00 9.940251111984252930e-01
9.138276576995849609e-01 1.000000000000000000e+00 9.951087236404418945e-01
9.158316850662231445e-01 1.000000000000000000e+00 9.962568283081054688e-01
9.178356528282165527e-01 1.000000000000000000e+00 9.974720478057861328e-01
9.198396801948547363e-01 1.000000000000000000e+00 9.987561702728271484e-01
9.218437075614929199e-01 1.000000000000000000e+00 1.000111103057861328e+00
9.238476753234863281e-01 1.000000000000000000e+00 1.001537919044494629e+00
9.258517026901245117e-01 1.000000000000000000e+00 1.003036618232727051e+00
9.278557300567626953e-01 1.000000000000000000e+00 1.004610896110534668e+00
9.298596978187561035e-01 1.000000000000000000e+00 1.006258368492126465e+00
9.318637251853942871e-01 1.000000000000000000e+00 1.007980585098266602e+00
9.338677525520324707e-01 1.000000000000000000e+00 1.009775519371032715e+00
9.358717203140258789e-01 1.000000000000000000e+00 1.011641502380371094e+00
9.378757476806640625e-01 1.000000000000000000e+00 1.013575673103332520e+00
9.398797750473022461e-01 1.000000000000000000e+00 1.015573382377624512e+00
9.418837428092956543e-01 1.000000000000000000e+00 1.017629861831665039e+00
9.438877701759338379e-01 1.000000000000000000e+00 1.019736647605895996e+00
9.458917975425720215e-01 1.000000000000000000e+00 1.021880269050598145e+00
9.478957653045654297e-01 1.000000000000000000e+00 1.024048805236816406e+00
9.498997926712036133e-01 1.000000000000000000e+00 1.026225566864013672e+00
9.519038200378417969e-01 1.000000000000000000e+00 1.028381705284118652e+00
9.539077877998352051e-01 1.000000000000000000e+00 1.030495166778564453e+00
9.559118151664733887e-01 1.000000000000000000e+00 1.032524824142456055e+00
9.579158425331115723e-01 1.000000000000000000e+00 1.034425854682922363e+00
9.599198102951049805e-01 1.000000000000000000e+00 1.036141395568847656e+00
9.619238376617431641e-01 1.000000000000000000e+00 1.037603020668029785e+00
9.639278650283813477e-01 1.000000000000000000e+00 1.038720250129699707e+00
9.659318923950195312e-01 1.000000000000000000e+00 1.039387583732604980e+00
9.679358601570129395e-01 1.000000000000000000e+00 1.039472818374633789e+00
9.699398875236511230e-01 1.000000000000000000e+00 1.038811445236206055e+00
9.719439148902893066e-01 1.000000000000000000e+00 1.037199378013610840e+00
9.739478826522827148e-01 1.000000000000000000e+00 1.034393787384033203e+00
9.759519100189208984e-01 1.000000000000000000e+00 1.030089855194091797e+00
9.779559373855590820e-01 1.000000000000000000e+00 1.023912787437438965e+00
9.799599051475524902e-01 1.000000000000000000e+00 1.015411257743835449e+00
9.819639325141906738e-01 1.000000000000000000e+00 1.004028916358947754e+00
9.839679598808288574e-01 1.000000000000000000e+00 9.891002178192138672e-01
9.859719276428222656e-01 1.000000000000000000e+00 9.698479175567626953e-01
9.879759550094604492e-01 1.000000000000000000e+00 9.453530311584472656e-01
9.899799823760986328e-01 1.000000000000000000e+00 9.146294593811035156e-01
9.919839501380920410e-01 1.000000000000000000e+00 8.766779899597167969e-01
9.939879775047302246e-01 1.000000000000000000e+00 8.306490182876586914e-01
9.959920048713684082e-01 1.000000000000000000e+00 7.761502265930175781e-01
9.979959726333618164e-01 1.000000000000000000e+00 7.136782407760620117e-01
1.000000000000000000e+00 1.000000000000000000e+00 6.451265811920166016e-01
