1.100000023841857910e+00 0.000000000000000000e+00 1.179032120853662491e-02
1.100000023841857910e+00 4.141414072364568710e-03 4.623487964272499084e-02
1.100000023841857910e+00 8.282828144729137421e-03 8.413968235254287720e-02
1.100000023841857910e+00 1.242424175143241882e-02 1.215227767825126648e-01
1.100000023841857910e+00 1.656565628945827484e-02 1.581512540578842163e-01
1.100000023841857910e+00 2.070707082748413086e-02 1.939757615327835083e-01
1.100000023841857910e+00 2.484848350286483765e-02 2.289827764034271240e-01
1.100000023841857910e+00 2.898989804089069366e-02 2.631692588329315186e-01
1.100000023841857910e+00 3.313131257891654968e-02 2.965353429317474365e-01
1.100000023841857910e+00 3.727272525429725647e-02 3.290838599205017090e-01
1.100000023841857910e+00 4.141414165496826172e-02 3.608161509037017822e-01
1.100000023841857910e+00 4.555555433034896851e-02 3.917354047298431396e-01
1.100000023841857910e+00 4.969696700572967529e-02 4.218442142009735107e-01
1.100000023841857910e+00 5.383838340640068054e-02 4.511437714099884033e-01
1.100000023841857910e+00 5.797979608178138733e-02 4.796386063098907471e-01
1.100000023841857910e+00 6.212121248245239258e-02 5.073257684707641602e-01
1.100000023841857910e+00 6.626262515783309937e-02 5.342088341712951660e-01
1.100000023841857910e+00 7.040403783321380615e-02 5.602889060974121094e-01
1.100000023841857910e+00 7.454545050859451294e-02 5.855656862258911133e-01
1.100000023841857910e+00 7.868687063455581665e-02 6.100396513938903809e-01
1.100000023841857910e+00 8.282828330993652344e-02 6.337113976478576660e-01
1.100000023841857910e+00 8.696969598531723022e-02 6.565799117088317871e-01
1.100000023841857910e+00 9.111110866069793701e-02 6.786473393440246582e-01
1.100000023841857910e+00 9.525252133607864380e-02 6.999118328094482422e-01
1.100000023841857910e+00 9.939393401145935059e-02 7.203761935234069824e-01
1.100000023841857910e+00 1.035353541374206543e-01 7.400404214859008789e-01
1.100000023841857910e+00 1.076767668128013611e-01 7.589040398597717285e-01
1.100000023841857910e+00 1.118181794881820679e-01 7.769699096679687500e-01
1.100000023841857910e+00 1.159595921635627747e-01 7.942386865615844727e-01
1.100000023841857910e+00 1.201010048389434814e-01 8.107113838195800781e-01
1.100000023841857910e+00 1.242424249649047852e-01 8.263912200927734375e-01
1.100000023841857910e+00 1.283838301897048950e-01 8.412792086601257324e-01
1.100000023841857910e+00 1.325252503156661987e-01 8.553774952888488770e-01
1.100000023841857910e+00 1.366666704416275024e-01 8.686879277229309082e-01
1.100000023841857910e+00 1.408080756664276123e-01 8.812120556831359863e-01
1.100000023841857910e+00 1.449494957923889160e-01 8.929529786109924316e-01
1.100000023841857910e+00 1.490909010171890259e-01 9.039107561111450195e-01
1.100000023841857910e+00 1.532323211431503296e-01 9.140878915786743164e-01
1.100000023841857910e+00 1.573737412691116333e-01 9.234853386878967285e-01
1.100000023841857910e+00 1.615151464939117432e-01 9.321025013923645020e-01
1.100000023841857910e+00 1.656565666198730469e-01 9.399418234825134277e-01
1.100000023841857910e+00 1.697979718446731567e-01 9.470002651214599609e-01
1.100000023841857910e+00 1.739393919706344604e-01 9.532787203788757324e-01
1.100000023841857910e+00 1.780808120965957642e-01 9.587762355804443359e-01
1.100000023841857910e+00 1.822222173213958740e-01 9.634906649589538574e-01
1.100000023841857910e+00 1.863636374473571777e-01 9.674208164215087891e-01
1.100000023841857910e+00 1.905050426721572876e-01 9.705639481544494629e-01
1.100000023841857910e+00 1.946464627981185913e-01 9.729186296463012695e-01
1.100000023841857910e+00 1.987878680229187012e-01 9.744809269905090332e-01
1.100000023841857910e+00 2.029292881488800049e-01 9.752500057220458984e-01
1.100000023841857910e+00 2.070707082748413086e-01 9.752230644226074219e-01
1.100000023841857910e+00 2.112121284008026123e-01 9.743967056274414062e-01
1.100000023841857910e+00 2.153535336256027222e-01 9.727716445922851562e-01
1.100000023841857910e+00 2.194949537515640259e-01 9.703444838523864746e-01
1.100000023841857910e+00 2.236363589763641357e-01 9.671141505241394043e-01
1.100000023841857910e+00 2.277777791023254395e-01 9.630815386772155762e-01
1.100000023841857910e+00 2.319191843271255493e-01 9.582443237304687500e-01
1.100000023841857910e+00 2.360606044530868530e-01 9.526030421257019043e-01
1.100000023841857910e+00 2.402020245790481567e-01 9.461590647697448730e-01
1.100000023841857910e+00 2.443434298038482666e-01 9.389137625694274902e-01
1.100000023841857910e+00 2.484848499298095703e-01 9.308659434318542480e-01
1.100000023841857910e+00 2.526262402534484863e-01 9.220191240310668945e-01
1.100000023841857910e+00 2.567676901817321777e-01 9.123747944831848145e-01
1.100000023841857910e+00 2.609090805053710938e-01 9.019336700439453125e-01
1.100000023841857910e+00 2.650505006313323975e-01 8.906968235969543457e-01
1.100000023841857910e+00 2.691919207572937012e-01 8.786686658859252930e-01
1.100000023841857910e+00 2.733333110809326172e-01 8.658491373062133789e-01
1.100000023841857910e+00 2.774747610092163086e-01 8.522396087646484375e-01
1.100000023841857910e+00 2.816161513328552246e-01 8.378429412841796875e-01
1.100000023841857910e+00 2.857575714588165283e-01 8.226590156555175781e-01
1.100000023841857910e+00 2.898989915847778320e-01 8.066905140876770020e-01
1.100000023841857910e+00 2.940404117107391357e-01 7.899373173713684082e-01
1.100000023841857910e+00 2.981818318367004395e-01 7.724010348320007324e-01
1.100000023841857910e+00 3.023232221603393555e-01 7.540823817253112793e-01
1.100000023841857910e+00 3.064646422863006592e-01 7.349815964698791504e-01
1.100000023841857910e+00 3.106060624122619629e-01 7.151002883911132812e-01
1.100000023841857910e+00 3.147474825382232666e-01 6.944383978843688965e-01
1.100000023841857910e+00 3.188889026641845703e-01 6.729961633682250977e-01
1.100000023841857910e+00 3.230302929878234863e-01 6.507734656333923340e-01
1.100000023841857910e+00 3.271717131137847900e-01 6.277720928192138672e-01
1.100000023841857910e+00 3.313131332397460938e-01 6.039917469024658203e-01
1.100000023841857910e+00 3.354545533657073975e-01 5.794321298599243164e-01
1.100000023841857910e+00 3.395959734916687012e-01 5.540945529937744141e-01
1.100000023841857910e+00 3.437373638153076172e-01 5.279784202575683594e-01
1.100000023841857910e+00 3.478787839412689209e-01 5.010851025581359863e-01
1.100000023841857910e+00 3.520202040672302246e-01 4.734148085117340088e-01
1.100000023841857910e+00 3.561616241931915283e-01 4.449684023857116699e-01
1.100000023841857910e+00 3.603030443191528320e-01 4.157468676567077637e-01
1.100000023841857910e+00 3.644444346427917480e-01 3.857504129409790039e-01
1.100000023841857910e+00 3.685858547687530518e-01 3.549811542034149170e-01
1.100000023841857910e+00 3.727272748947143555e-01 3.234398663043975830e-01
1.100000023841857910e+00 3.768686950206756592e-01 2.911297380924224854e-01
1.100000023841857910e+00 3.810100853443145752e-01 2.580522596836090088e-01
1.100000023841857910e+00 3.851515054702758789e-01 2.242098152637481689e-01
1.100000023841857910e+00 3.892929255962371826e-01 1.896069794893264771e-01
1.100000023841857910e+00 3.934343457221984863e-01 1.542503833770751953e-01
1.100000023841857910e+00 3.975757658481597900e-01 1.181500256061553955e-01
1.100000023841857910e+00 4.017171561717987061e-01 8.132996410131454468e-02
1.100000023841857910e+00 4.058585762977600098e-01 4.388580843806266785e-02
1.100000023841857910e+00 4.099999964237213135e-01 7.937953807413578033e-03
