0.000000000000000000e+00 0.000000000000000000e+00 1.030778646469116211e+00
2.512562833726406097e-02 0.000000000000000000e+00 2.493500709533691406e-03
5.025125667452812195e-02 0.000000000000000000e+00 2.928221225738525391e-02
7.537688314914703369e-02 0.000000000000000000e+00 3.413653373718261719e-02
1.005025133490562439e-01 0.000000000000000000e+00 2.257245779037475586e-02
1.256281435489654541e-01 0.000000000000000000e+00 8.595287799835205078e-03
1.507537662982940674e-01 0.000000000000000000e+00 2.017140388488769531e-03
1.758794039487838745e-01 0.000000000000000000e+00 9.206831455230712891e-03
2.010050266981124878e-01 0.000000000000000000e+00 1.400893926620483398e-02
2.261306494474411011e-01 0.000000000000000000e+00 1.725476980209350586e-02
2.512562870979309082e-01 0.000000000000000000e+00 1.948934793472290039e-02
2.763819098472595215e-01 0.000000000000000000e+00 2.106982469558715820e-02
3.015075325965881348e-01 0.000000000000000000e+00 2.224951982498168945e-02
3.266331553459167480e-01 0.000000000000000000e+00 2.321702241897583008e-02
3.517588078975677490e-01 0.000000000000000000e+00 2.410370111465454102e-02
3.768844306468963623e-01 0.000000000000000000e+00 2.500241994857788086e-02
4.020100533962249756e-01 0.000000000000000000e+00 2.596718072891235352e-02
4.271356761455535889e-01 0.000000000000000000e+00 2.702420949935913086e-02
4.522612988948822021e-01 0.000000000000000000e+00 2.817791700363159180e-02
4.773869514465332031e-01 0.000000000000000000e+00 2.942067384719848633e-02
5.025125741958618164e-01 0.000000000000000000e+00 3.072953224182128906e-02
5.276381969451904297e-01 0.000000000000000000e+00 3.207850456237792969e-02
5.527638196945190430e-01 0.000000000000000000e+00 3.344833850860595703e-02
5.778894424438476562e-01 0.000000000000000000e+00 3.480803966522216797e-02
6.030150651931762695e-01 0.000000000000000000e+00 3.614258766174316406e-02
6.281406879425048828e-01 0.000000000000000000e+00 3.743445873260498047e-02
6.532663106918334961e-01 0.000000000000000000e+00 3.866887092590332031e-02
6.783919930458068848e-01 0.000000000000000000e+00 3.983861207962036133e-02
7.035176157951354980e-01 0.000000000000000000e+00 4.093718528747558594e-02
7.286432385444641113e-01 0.000000000000000000e+00 4.196101427078247070e-02
7.537688612937927246e-01 0.000000000000000000e+00 4.291027784347534180e-02
7.788944840431213379e-01 0.000000000000000000e+00 4.378187656402587891e-02
8.040201067924499512e-01 0.000000000000000000e+00 4.458338022232055664e-02
8.291457295417785645e-01 0.000000000000000000e+00 4.531490802764892578e-02
8.542713522911071777e-01 0.000000000000000000e+00 4.597717523574829102e-02
8.793969750404357910e-01 0.000000000000000000e+00 4.657268524169921875e-02
9.045225977897644043e-01 0.000000000000000000e+00 4.710853099822998047e-02
9.296482205390930176e-01 0.000000000000000000e+00 4.758399724960327148e-02
9.547739028930664062e-01 0.000000000000000000e+00 4.800194501876831055e-02
9.798995256423950195e-01 0.000000000000000000e+00 4.836267232894897461e-02
1.005025148391723633e+00 0.000000000000000000e+00 4.867106676101684570e-02
1.030150771141052246e+00 0.000000000000000000e+00 4.892671108245849609e-02
1.055276393890380859e+00 0.000000000000000000e+00 4.913032054901123047e-02
1.080402016639709473e+00 0.000000000000000000e+00 4.927998781204223633e-02
1.105527639389038086e+00 0.000000000000000000e+00 4.937905073165893555e-02
1.130653262138366699e+00 0.000000000000000000e+00 4.942476749420166016e-02
1.155778884887695312e+00 0.000000000000000000e+00 4.942178726196289062e-02
1.180904507637023926e+00 0.000000000000000000e+00 4.936599731445312500e-02
1.206030130386352539e+00 0.000000000000000000e+00 4.925680160522460938e-02
1.231155753135681152e+00 0.000000000000000000e+00 4.909396171569824219e-02
1.256281375885009766e+00 0.000000000000000000e+00 4.887998104095458984e-02
1.281406998634338379e+00 0.000000000000000000e+00 4.861074686050415039e-02
1.306532621383666992e+00 0.000000000000000000e+00 4.828715324401855469e-02
1.331658244132995605e+00 0.000000000000000000e+00 4.791003465652465820e-02
1.356783986091613770e+00 0.000000000000000000e+00 4.748052358627319336e-02
1.381909608840942383e+00 0.000000000000000000e+00 4.699540138244628906e-02
1.407035231590270996e+00 0.000000000000000000e+00 4.645758867263793945e-02
1.432160854339599609e+00 0.000000000000000000e+00 4.586714506149291992e-02
1.457286477088928223e+00 0.000000000000000000e+00 4.522317647933959961e-02
1.482412099838256836e+00 0.000000000000000000e+00 4.452896118164062500e-02
1.507537722587585449e+00 0.000000000000000000e+00 4.378366470336914062e-02
1.532663345336914062e+00 0.000000000000000000e+00 4.298907518386840820e-02
1.557788968086242676e+00 0.000000000000000000e+00 4.214745759963989258e-02
1.582914590835571289e+00 0.000000000000000000e+00 4.125648736953735352e-02
1.608040213584899902e+00 0.000000000000000000e+00 4.032355546951293945e-02
1.633165836334228516e+00 0.000000000000000000e+00 3.934741020202636719e-02
1.658291459083557129e+00 0.000000000000000000e+00 3.832978010177612305e-02
1.683417081832885742e+00 0.000000000000000000e+00 3.727418184280395508e-02
1.708542704582214355e+00 0.000000000000000000e+00 3.618144989013671875e-02
1.733668327331542969e+00 0.000000000000000000e+00 3.505438566207885742e-02
1.758793950080871582e+00 0.000000000000000000e+00 3.389495611190795898e-02
1.783919572830200195e+00 0.000000000000000000e+00 3.270739316940307617e-02
1.809045195579528809e+00 0.000000000000000000e+00 3.149265050888061523e-02
1.834170818328857422e+00 0.000000000000000000e+00 3.025227785110473633e-02
1.859296441078186035e+00 0.000000000000000000e+00 2.899104356765747070e-02
1.884422183036804199e+00 0.000000000000000000e+00 2.771043777465820312e-02
1.909547805786132812e+00 0.000000000000000000e+00 2.641320228576660156e-02
1.934673428535461426e+00 0.000000000000000000e+00 2.510219812393188477e-02
1.959799051284790039e+00 0.000000000000000000e+00 2.378147840499877930e-02
1.984924674034118652e+00 0.000000000000000000e+00 2.245068550109863281e-02
2.010050296783447266e+00 0.000000000000000000e+00 2.111303806304931641e-02
2.035175800323486328e+00 0.000000000000000000e+00 1.977378129959106445e-02
2.060301542282104492e+00 0.000000000000000000e+00 1.843202114105224609e-02
2.085427045822143555e+00 0.000000000000000000e+00 1.709252595901489258e-02
2.110552787780761719e+00 0.000000000000000000e+00 1.575493812561035156e-02
2.135678291320800781e+00 0.000000000000000000e+00 1.442718505859375000e-02
2.160804033279418945e+00 0.000000000000000000e+00 1.310551166534423828e-02
2.185929775238037109e+00 0.000000000000000000e+00 1.179462671279907227e-02
2.211055278778076172e+00 0.000000000000000000e+00 1.049482822418212891e-02
2.236181020736694336e+00 0.000000000000000000e+00 9.210646152496337891e-03
2.261306524276733398e+00 0.000000000000000000e+00 7.942914962768554688e-03
2.286432266235351562e+00 0.000000000000000000e+00 6.693720817565917969e-03
2.311557769775390625e+00 0.000000000000000000e+00 5.464613437652587891e-03
2.336683511734008789e+00 0.000000000000000000e+00 4.256665706634521484e-03
2.361809015274047852e+00 0.000000000000000000e+00 3.073215484619140625e-03
2.386934757232666016e+00 0.000000000000000000e+00 1.911759376525878906e-03
2.412060260772705078e+00 0.000000000000000000e+00 7.808208465576171875e-04
2.437186002731323242e+00 0.000000000000000000e+00 3.252625465393066406e-04
2.462311506271362305e+00 0.000000000000000000e+00 1.403391361236572266e-03
2.487437248229980469e+00 0.000000000000000000e+00 2.449274063110351562e-03
2.512562751770019531e+00 0.000000000000000000e+00 3.467202186584472656e-03
2.537688493728637695e+00 0.000000000000000000e+00 4.452168941497802734e-03
2.562813997268676758e+00 0.000000000000000000e+00 5.403339862823486328e-03
2.587939739227294922e+00 0.000000000000000000e+00 6.325423717498779297e-03
2.613065242767333984e+00 0.000000000000000000e+00 7.210195064544677734e-03
2.638190984725952148e+00 0.000000000000000000e+00 8.059680461883544922e-03
2.663316488265991211e+00 0.000000000000000000e+00 8.874833583831787109e-03
2.688442230224609375e+00 0.000000000000000000e+00 9.654700756072998047e-03
2.713567733764648438e+00 0.000000000000000000e+00 1.040029525756835938e-02
2.738693475723266602e+00 0.000000000000000000e+00 1.110661029815673828e-02
2.763818979263305664e+00 0.000000000000000000e+00 1.177883148193359375e-02
2.788944721221923828e+00 0.000000000000000000e+00 1.241344213485717773e-02
2.814070224761962891e+00 0.000000000000000000e+00 1.301097869873046875e-02
2.839195966720581055e+00 0.000000000000000000e+00 1.357185840606689453e-02
2.864321708679199219e+00 0.000000000000000000e+00 1.409655809402465820e-02
2.889447212219238281e+00 0.000000000000000000e+00 1.458346843719482422e-02
2.914572954177856445e+00 0.000000000000000000e+00 1.503437757492065430e-02
2.939698457717895508e+00 0.000000000000000000e+00 1.544779539108276367e-02
2.964824199676513672e+00 0.000000000000000000e+00 1.582628488540649414e-02
2.989949703216552734e+00 0.000000000000000000e+00 1.616716384887695312e-02
3.015075206756591797e+00 0.000000000000000000e+00 1.647335290908813477e-02
3.040200948715209961e+00 0.000000000000000000e+00 1.674330234527587891e-02
3.065326690673828125e+00 0.000000000000000000e+00 1.697880029678344727e-02
3.090452194213867188e+00 0.000000000000000000e+00 1.717835664749145508e-02
3.115577697753906250e+00 0.000000000000000000e+00 1.734519004821777344e-02
3.140703678131103516e+00 0.000000000000000000e+00 1.747840642929077148e-02
3.165829181671142578e+00 0.000000000000000000e+00 1.757788658142089844e-02
3.190954685211181641e+00 0.000000000000000000e+00 1.764297485351562500e-02
3.216080427169799805e+00 0.000000000000000000e+00 1.767760515213012695e-02
3.241206169128417969e+00 0.000000000000000000e+00 1.767987012863159180e-02
3.266331672668457031e+00 0.000000000000000000e+00 1.765137910842895508e-02
3.291457176208496094e+00 0.000000000000000000e+00 1.759248971939086914e-02
3.316582918167114258e+00 0.000000000000000000e+00 1.750236749649047852e-02
3.341708660125732422e+00 0.000000000000000000e+00 1.738458871841430664e-02
3.366834163665771484e+00 0.000000000000000000e+00 1.723766326904296875e-02
3.391959667205810547e+00 0.000000000000000000e+00 1.706224679946899414e-02
3.417085409164428711e+00 0.000000000000000000e+00 1.686018705368041992e-02
3.442211151123046875e+00 0.000000000000000000e+00 1.663076877593994141e-02
3.467336654663085938e+00 0.000000000000000000e+00 1.637655496597290039e-02
3.492462158203125000e+00 0.000000000000000000e+00 1.609426736831665039e-02
3.517587900161743164e+00 0.000000000000000000e+00 1.579004526138305664e-02
3.542713642120361328e+00 0.000000000000000000e+00 1.546174287796020508e-02
3.567839145660400391e+00 0.000000000000000000e+00 1.510953903198242188e-02
3.592964649200439453e+00 0.000000000000000000e+00 1.473623514175415039e-02
3.618090391159057617e+00 0.000000000000000000e+00 1.433861255645751953e-02
3.643216133117675781e+00 0.000000000000000000e+00 1.392149925231933594e-02
3.668341636657714844e+00 0.000000000000000000e+00 1.348340511322021484e-02
3.693467378616333008e+00 0.000000000000000000e+00 1.302671432495117188e-02
3.718593120574951172e+00 0.000000000000000000e+00 1.254874467849731445e-02
3.743718624114990234e+00 0.000000000000000000e+00 1.205384731292724609e-02
3.768844127655029297e+00 0.000000000000000000e+00 1.154047250747680664e-02
3.793969869613647461e+00 0.000000000000000000e+00 1.101034879684448242e-02
3.819095611572265625e+00 0.000000000000000000e+00 1.046496629714965820e-02
3.844221115112304688e+00 0.000000000000000000e+00 9.903311729431152344e-03
3.869346618652343750e+00 0.000000000000000000e+00 9.326756000518798828e-03
3.894472360610961914e+00 0.000000000000000000e+00 8.734762668609619141e-03
3.919598102569580078e+00 0.000000000000000000e+00 8.128225803375244141e-03
3.944723606109619141e+00 0.000000000000000000e+00 7.510006427764892578e-03
3.969849109649658203e+00 0.000000000000000000e+00 6.879746913909912109e-03
3.994974851608276367e+00 0.000000000000000000e+00 6.237208843231201172e-03
4.020100593566894531e+00 0.000000000000000000e+00 5.582273006439208984e-03
4.045226097106933594e+00 0.000000000000000000e+00 4.916906356811523438e-03
4.070351600646972656e+00 0.000000000000000000e+00 4.241526126861572266e-03
4.095477581024169922e+00 0.000000000000000000e+00 3.556966781616210938e-03
4.120603084564208984e+00 0.000000000000000000e+00 2.862751483917236328e-03
4.145728588104248047e+00 0.000000000000000000e+00 2.161443233489990234e-03
4.170854091644287109e+00 0.000000000000000000e+00 1.450300216674804688e-03
4.195980072021484375e+00 0.000000000000000000e+00 7.332563400268554688e-04
4.221105575561523438e+00 0.000000000000000000e+00 7.510185241699218750e-06
4.246231079101562500e+00 0.000000000000000000e+00 7.223486900329589844e-04
4.271356582641601562e+00 0.000000000000000000e+00 1.458883285522460938e-03
4.296482563018798828e+00 0.000000000000000000e+00 2.203047275543212891e-03
4.321608066558837891e+00 0.000000000000000000e+00 2.948820590972900391e-03
4.346733570098876953e+00 0.000000000000000000e+00 3.701448440551757812e-03
4.371859550476074219e+00 0.000000000000000000e+00 4.457831382751464844e-03
4.396985054016113281e+00 0.000000000000000000e+00 5.216479301452636719e-03
4.422110557556152344e+00 0.000000000000000000e+00 5.979061126708984375e-03
4.447236061096191406e+00 0.000000000000000000e+00 6.745576858520507812e-03
4.472361564636230469e+00 0.000000000000000000e+00 7.510781288146972656e-03
4.497487545013427734e+00 0.000000000000000000e+00 8.282005786895751953e-03
4.522613048553466797e+00 0.000000000000000000e+00 9.051740169525146484e-03
4.547738552093505859e+00 0.000000000000000000e+00 9.823679924011230469e-03
4.572864532470703125e+00 0.000000000000000000e+00 1.059687137603759766e-02
4.597990036010742188e+00 0.000000000000000000e+00 1.137089729309082031e-02
4.623115539550781250e+00 0.000000000000000000e+00 1.214379072189331055e-02
4.648241043090820312e+00 0.000000000000000000e+00 1.291692256927490234e-02
4.673367023468017578e+00 0.000000000000000000e+00 1.369011402130126953e-02
4.698492527008056641e+00 0.000000000000000000e+00 1.446157693862915039e-02
4.723618030548095703e+00 0.000000000000000000e+00 1.523220539093017578e-02
4.748743534088134766e+00 0.000000000000000000e+00 1.600164175033569336e-02
4.773869514465332031e+00 0.000000000000000000e+00 1.676774024963378906e-02
4.798995018005371094e+00 0.000000000000000000e+00 1.753371953964233398e-02
4.824120521545410156e+00 0.000000000000000000e+00 1.829451322555541992e-02
4.849246025085449219e+00 0.000000000000000000e+00 1.905488967895507812e-02
4.874372005462646484e+00 0.000000000000000000e+00 1.981145143508911133e-02
4.899497509002685547e+00 0.000000000000000000e+00 2.056568861007690430e-02
4.924623012542724609e+00 0.000000000000000000e+00 2.131605148315429688e-02
4.949748516082763672e+00 0.000000000000000000e+00 2.206295728683471680e-02
4.974874496459960938e+00 0.000000000000000000e+00 2.280592918395996094e-02
5.000000000000000000e+00 0.000000000000000000e+00 2.354496717453002930e-02
