5.000000000000000000e+00 0.000000000000000000e+00 2.619683742523193359e-03
5.000000000000000000e+00 1.010101009160280228e-02 7.243710011243820190e-02
5.000000000000000000e+00 2.020202018320560455e-02 1.405970156192779541e-01
5.000000000000000000e+00 3.030303120613098145e-02 2.070518881082534790e-01
5.000000000000000000e+00 4.040404036641120911e-02 2.717387974262237549e-01
5.000000000000000000e+00 5.050504952669143677e-02 3.347067236900329590e-01
5.000000000000000000e+00 6.060606241226196289e-02 3.959207832813262939e-01
5.000000000000000000e+00 7.070706784725189209e-02 4.553947448730468750e-01
5.000000000000000000e+00 8.080808073282241821e-02 5.130614042282104492e-01
5.000000000000000000e+00 9.090909361839294434e-02 5.689476132392883301e-01
5.000000000000000000e+00 1.010100990533828735e-01 6.230832934379577637e-01
5.000000000000000000e+00 1.111111119389533997e-01 6.754238605499267578e-01
5.000000000000000000e+00 1.212121248245239258e-01 7.259971499443054199e-01
5.000000000000000000e+00 1.313131302595138550e-01 7.747949957847595215e-01
5.000000000000000000e+00 1.414141356945037842e-01 8.218447566032409668e-01
5.000000000000000000e+00 1.515151560306549072e-01 8.671488165855407715e-01
5.000000000000000000e+00 1.616161614656448364e-01 9.107435345649719238e-01
5.000000000000000000e+00 1.717171669006347656e-01 9.526235461235046387e-01
5.000000000000000000e+00 1.818181872367858887e-01 9.927983283996582031e-01
5.000000000000000000e+00 1.919191926717758179e-01 1.031292319297790527e+00
5.000000000000000000e+00 2.020201981067657471e-01 1.068154335021972656e+00
5.000000000000000000e+00 2.121212184429168701e-01 1.103406310081481934e+00
5.000000000000000000e+00 2.222222238779067993e-01 1.137083768844604492e+00
5.000000000000000000e+00 2.323232293128967285e-01 1.169186353683471680e+00
5.000000000000000000e+00 2.424242496490478516e-01 1.199767827987670898e+00
5.000000000000000000e+00 2.525252401828765869e-01 1.228832364082336426e+00
5.000000000000000000e+00 2.626262605190277100e-01 1.256447196006774902e+00
5.000000000000000000e+00 2.727272808551788330e-01 1.282620191574096680e+00
5.000000000000000000e+00 2.828282713890075684e-01 1.307400107383728027e+00
5.000000000000000000e+00 2.929292917251586914e-01 1.330802798271179199e+00
5.000000000000000000e+00 3.030303120613098145e-01 1.352870702743530273e+00
5.000000000000000000e+00 3.131313025951385498e-01 1.373644471168518066e+00
5.000000000000000000e+00 3.232323229312896729e-01 1.393144726753234863e+00
5.000000000000000000e+00 3.333333432674407959e-01 1.411407470703125000e+00
5.000000000000000000e+00 3.434343338012695312e-01 1.428434014320373535e+00
5.000000000000000000e+00 3.535353541374206543e-01 1.444323301315307617e+00
5.000000000000000000e+00 3.636363744735717773e-01 1.459028959274291992e+00
5.000000000000000000e+00 3.737373650074005127e-01 1.472627043724060059e+00
5.000000000000000000e+00 3.838383853435516357e-01 1.485130310058593750e+00
5.000000000000000000e+00 3.939394056797027588e-01 1.496543407440185547e+00
5.000000000000000000e+00 4.040403962135314941e-01 1.506888389587402344e+00
5.000000000000000000e+00 4.141414165496826172e-01 1.516230106353759766e+00
5.000000000000000000e+00 4.242424368858337402e-01 1.524520635604858398e+00
5.000000000000000000e+00 4.343434274196624756e-01 1.531846165657043457e+00
5.000000000000000000e+00 4.444444477558135986e-01 1.538158297538757324e+00
5.000000000000000000e+00 4.545454680919647217e-01 1.543535113334655762e+00
5.000000000000000000e+00 4.646464586257934570e-01 1.547922849655151367e+00
5.000000000000000000e+00 4.747474789619445801e-01 1.551365017890930176e+00
5.000000000000000000e+00 4.848484992980957031e-01 1.553845286369323730e+00
5.000000000000000000e+00 4.949494898319244385e-01 1.555406332015991211e+00
5.000000000000000000e+00 5.050505399703979492e-01 1.556010723114013672e+00
5.000000000000000000e+00 5.151515007019042969e-01 1.555668711662292480e+00
5.000000000000000000e+00 5.252525210380554199e-01 1.554380178451538086e+00
5.000000000000000000e+00 5.353535413742065430e-01 1.552127122879028320e+00
5.000000000000000000e+00 5.454545021057128906e-01 1.548906207084655762e+00
5.000000000000000000e+00 5.555555820465087891e-01 1.544733405113220215e+00
5.000000000000000000e+00 5.656565427780151367e-01 1.539562582969665527e+00
5.000000000000000000e+00 5.757575631141662598e-01 1.533386349678039551e+00
5.000000000000000000e+00 5.858585834503173828e-01 1.526190876960754395e+00
5.000000000000000000e+00 5.959596037864685059e-01 1.517964243888854980e+00
5.000000000000000000e+00 6.060606241226196289e-01 1.508658766746520996e+00
5.000000000000000000e+00 6.161615848541259766e-01 1.498271703720092773e+00
5.000000000000000000e+00 6.262626647949218750e-01 1.486786127090454102e+00
5.000000000000000000e+00 6.363636255264282227e-01 1.474141716957092285e+00
5.000000000000000000e+00 6.464646458625793457e-01 1.460334300994873047e+00
5.000000000000000000e+00 6.565656661987304688e-01 1.445315122604370117e+00
5.000000000000000000e+00 6.666666269302368164e-01 1.429069280624389648e+00
5.000000000000000000e+00 6.767677068710327148e-01 1.411541700363159180e+00
5.000000000000000000e+00 6.868686676025390625e-01 1.392729282379150391e+00
5.000000000000000000e+00 6.969696879386901855e-01 1.372561454772949219e+00
5.000000000000000000e+00 7.070707082748413086e-01 1.351043939590454102e+00
5.000000000000000000e+00 7.171717286109924316e-01 1.328065633773803711e+00
5.000000000000000000e+00 7.272727489471435547e-01 1.303683280944824219e+00
5.000000000000000000e+00 7.373737096786499023e-01 1.277778983116149902e+00
5.000000000000000000e+00 7.474747896194458008e-01 1.250374317169189453e+00
5.000000000000000000e+00 7.575757503509521484e-01 1.221363544464111328e+00
5.000000000000000000e+00 7.676767706871032715e-01 1.190762042999267578e+00
5.000000000000000000e+00 7.777777910232543945e-01 1.158532619476318359e+00
5.000000000000000000e+00 7.878787517547607422e-01 1.124606132507324219e+00
5.000000000000000000e+00 7.979798316955566406e-01 1.088974118232727051e+00
5.000000000000000000e+00 8.080807924270629883e-01 1.051602125167846680e+00
5.000000000000000000e+00 8.181818127632141113e-01 1.012441158294677734e+00
5.000000000000000000e+00 8.282828330993652344e-01 9.714698195457458496e-01
5.000000000000000000e+00 8.383838534355163574e-01 9.286792874336242676e-01
5.000000000000000000e+00 8.484848737716674805e-01 8.839790225028991699e-01
5.000000000000000000e+00 8.585858345031738281e-01 8.374429345130920410e-01
5.000000000000000000e+00 8.686868548393249512e-01 7.889918088912963867e-01
5.000000000000000000e+00 8.787878751754760742e-01 7.386010885238647461e-01
5.000000000000000000e+00 8.888888955116271973e-01 6.862851977348327637e-01
5.000000000000000000e+00 8.989899158477783203e-01 6.320022940635681152e-01
5.000000000000000000e+00 9.090908765792846680e-01 5.757797956466674805e-01
5.000000000000000000e+00 9.191918969154357910e-01 5.175808072090148926e-01
5.000000000000000000e+00 9.292929172515869141e-01 4.574397504329681396e-01
5.000000000000000000e+00 9.393939375877380371e-01 3.953311145305633545e-01
5.000000000000000000e+00 9.494949579238891602e-01 3.312685191631317139e-01
5.000000000000000000e+00 9.595959782600402832e-01 2.652692496776580811e-01
5.000000000000000000e+00 9.696969985961914062e-01 1.973464041948318481e-01
5.000000000000000000e+00 9.797979593276977539e-01 1.275065839290618896e-01
5.000000000000000000e+00 9.898989796638488770e-01 5.581891909241676331e-02
5.000000000000000000e+00 1.000000000000000000e+00 1.773595809936523438e-02
