1.100000023841857910e+00 0.000000000000000000e+00 3.161700675264000893e-03
1.100000023841857910e+00 8.216432761400938034e-04 5.514863412827253342e-03
1.100000023841857910e+00 1.643286552280187607e-03 1.344988215714693069e-02
1.100000023841857910e+00 2.464929828420281410e-03 2.144270017743110657e-02
1.100000023841857910e+00 3.286573104560375214e-03 2.941677719354629517e-02
1.100000023841857910e+00 4.108216613531112671e-03 3.736360371112823486e-02
1.100000023841857910e+00 4.929859656840562820e-03 4.527944698929786682e-02
1.100000023841857910e+00 5.751502700150012970e-03 5.316131934523582458e-02
1.100000023841857910e+00 6.573146209120750427e-03 6.101221591234207153e-02
1.100000023841857910e+00 7.394789718091487885e-03 6.882604956626892090e-02
1.100000023841857910e+00 8.216433227062225342e-03 7.660955935716629028e-02
1.100000023841857910e+00 9.038075804710388184e-03 8.435618877410888672e-02
1.100000023841857910e+00 9.859719313681125641e-03 9.207014739513397217e-02
1.100000023841857910e+00 1.068136282265186310e-02 9.974803775548934937e-02
1.100000023841857910e+00 1.150300540030002594e-02 1.073941215872764587e-01
1.100000023841857910e+00 1.232464890927076340e-02 1.150062084197998047e-01
1.100000023841857910e+00 1.314629241824150085e-02 1.225809603929519653e-01
1.100000023841857910e+00 1.396793592721223831e-02 1.301243156194686890e-01
1.100000023841857910e+00 1.478957943618297577e-02 1.376338601112365723e-01
1.100000023841857910e+00 1.561122201383113861e-02 1.451072245836257935e-01
1.100000023841857910e+00 1.643286645412445068e-02 1.525489091873168945e-01
1.100000023841857910e+00 1.725450903177261353e-02 1.599536836147308350e-01
1.100000023841857910e+00 1.807615160942077637e-02 1.673260629177093506e-01
1.100000023841857910e+00 1.889779604971408844e-02 1.746650785207748413e-01
1.100000023841857910e+00 1.971943862736225128e-02 1.819688379764556885e-01
1.100000023841857910e+00 2.054108120501041412e-02 1.892368644475936890e-01
1.100000023841857910e+00 2.136272564530372620e-02 1.964734196662902832e-01
1.100000023841857910e+00 2.218436822295188904e-02 2.036749571561813354e-01
1.100000023841857910e+00 2.300601080060005188e-02 2.108414471149444580e-01
1.100000023841857910e+00 2.382765524089336395e-02 2.179767191410064697e-01
1.100000023841857910e+00 2.464929781854152679e-02 2.250717133283615112e-01
1.100000023841857910e+00 2.547094225883483887e-02 2.321381121873855591e-01
1.100000023841857910e+00 2.629258483648300171e-02 2.391687482595443726e-01
1.100000023841857910e+00 2.711422741413116455e-02 2.461664974689483643e-01
1.100000023841857910e+00 2.793587185442447662e-02 2.531313300132751465e-01
1.100000023841857910e+00 2.875751443207263947e-02 2.600589990615844727e-01
1.100000023841857910e+00 2.957915887236595154e-02 2.669549584388732910e-01
1.100000023841857910e+00 3.040080145001411438e-02 2.738165855407714844e-01
1.100000023841857910e+00 3.122244402766227722e-02 2.806445956230163574e-01
1.100000023841857910e+00 3.204408660531044006e-02 2.874361276626586914e-01
1.100000023841857910e+00 3.286573290824890137e-02 2.941978871822357178e-01
1.100000023841857910e+00 3.368737548589706421e-02 3.009217381477355957e-01
1.100000023841857910e+00 3.450901806354522705e-02 3.076162636280059814e-01
1.100000023841857910e+00 3.533066064119338989e-02 3.142740428447723389e-01
1.100000023841857910e+00 3.615230321884155273e-02 3.208982348442077637e-01
1.100000023841857910e+00 3.697394579648971558e-02 3.274888098239898682e-01
1.100000023841857910e+00 3.779559209942817688e-02 3.340455293655395508e-01
1.100000023841857910e+00 3.861723467707633972e-02 3.405674397945404053e-01
1.100000023841857910e+00 3.943887725472450256e-02 3.470579087734222412e-01
1.100000023841857910e+00 4.026051983237266541e-02 3.535142540931701660e-01
1.100000023841857910e+00 4.108216241002082825e-02 3.599372506141662598e-01
1.100000023841857910e+00 4.190380871295928955e-02 3.663249313831329346e-01
1.100000023841857910e+00 4.272545129060745239e-02 3.726799786090850830e-01
1.100000023841857910e+00 4.354709386825561523e-02 3.790023326873779297e-01
1.100000023841857910e+00 4.436873644590377808e-02 3.852894008159637451e-01
1.100000023841857910e+00 4.519037902355194092e-02 3.915424048900604248e-01
1.100000023841857910e+00 4.601202160120010376e-02 3.977639377117156982e-01
1.100000023841857910e+00 4.683366790413856506e-02 4.039508700370788574e-01
1.100000023841857910e+00 4.765531048178672791e-02 4.101032912731170654e-01
1.100000023841857910e+00 4.847695305943489075e-02 4.162225127220153809e-01
1.100000023841857910e+00 4.929859563708305359e-02 4.223102927207946777e-01
1.100000023841857910e+00 5.012023821473121643e-02 4.283635020256042480e-01
1.100000023841857910e+00 5.094188451766967773e-02 4.343830645084381104e-01
1.100000023841857910e+00 5.176352709531784058e-02 4.403695166110992432e-01
1.100000023841857910e+00 5.258516967296600342e-02 4.463221132755279541e-01
1.100000023841857910e+00 5.340681225061416626e-02 4.522418081760406494e-01
1.100000023841857910e+00 5.422845482826232910e-02 4.581276476383209229e-01
1.100000023841857910e+00 5.505010113120079041e-02 4.639801084995269775e-01
1.100000023841857910e+00 5.587174370884895325e-02 4.697996675968170166e-01
1.100000023841857910e+00 5.669338628649711609e-02 4.755853712558746338e-01
1.100000023841857910e+00 5.751502886414527893e-02 4.813386499881744385e-01
1.100000023841857910e+00 5.833667144179344177e-02 4.870571196079254150e-01
1.100000023841857910e+00 5.915831774473190308e-02 4.927429258823394775e-01
1.100000023841857910e+00 5.997996032238006592e-02 4.983963370323181152e-01
1.100000023841857910e+00 6.080160290002822876e-02 5.040146708488464355e-01
1.100000023841857910e+00 6.162324547767639160e-02 5.096017718315124512e-01
1.100000023841857910e+00 6.244488805532455444e-02 5.151559710502624512e-01
1.100000023841857910e+00 6.326653063297271729e-02 5.206767916679382324e-01
1.100000023841857910e+00 6.408817321062088013e-02 5.261620879173278809e-01
1.100000023841857910e+00 6.490981578826904297e-02 5.316144824028015137e-01
1.100000023841857910e+00 6.573146581649780273e-02 5.370365977287292480e-01
1.100000023841857910e+00 6.655310839414596558e-02 5.424234867095947266e-01
1.100000023841857910e+00 6.737475097179412842e-02 5.477790236473083496e-01
1.100000023841857910e+00 6.819639354944229126e-02 5.531008243560791016e-01
1.100000023841857910e+00 6.901803612709045410e-02 5.583877563476562500e-01
1.100000023841857910e+00 6.983967870473861694e-02 5.636441707611083984e-01
1.100000023841857910e+00 7.066132128238677979e-02 5.688641071319580078e-01
1.100000023841857910e+00 7.148296386003494263e-02 5.740540027618408203e-01
1.100000023841857910e+00 7.230460643768310547e-02 5.792105793952941895e-01
1.100000023841857910e+00 7.312624901533126831e-02 5.843346118927001953e-01
1.100000023841857910e+00 7.394789159297943115e-02 5.894249081611633301e-01
1.100000023841857910e+00 7.476954162120819092e-02 5.944820046424865723e-01
1.100000023841857910e+00 7.559118419885635376e-02 5.995061993598937988e-01
1.100000023841857910e+00 7.641282677650451660e-02 6.044972538948059082e-01
1.100000023841857910e+00 7.723446935415267944e-02 6.094565987586975098e-01
1.100000023841857910e+00 7.805611193180084229e-02 6.143826246261596680e-01
1.100000023841857910e+00 7.887775450944900513e-02 6.192754507064819336e-01
1.100000023841857910e+00 7.969939708709716797e-02 6.241368055343627930e-01
1.100000023841857910e+00 8.052103966474533081e-02 6.289631128311157227e-01
1.100000023841857910e+00 8.134268224239349365e-02 6.337577700614929199e-01
1.100000023841857910e+00 8.216432482004165649e-02 6.385194659233093262e-01
1.100000023841857910e+00 8.298596739768981934e-02 6.432489752769470215e-01
1.100000023841857910e+00 8.380761742591857910e-02 6.479443907737731934e-01
1.100000023841857910e+00 8.462926000356674194e-02 6.526079177856445312e-01
1.100000023841857910e+00 8.545090258121490479e-02 6.572394371032714844e-01
1.100000023841857910e+00 8.627254515886306763e-02 6.618380546569824219e-01
1.100000023841857910e+00 8.709418773651123047e-02 6.664028167724609375e-01
1.100000023841857910e+00 8.791583031415939331e-02 6.709352135658264160e-01
1.100000023841857910e+00 8.873747289180755615e-02 6.754346489906311035e-01
1.100000023841857910e+00 8.955911546945571899e-02 6.799033880233764648e-01
1.100000023841857910e+00 9.038075804710388184e-02 6.843389272689819336e-01
1.100000023841857910e+00 9.120240062475204468e-02 6.887427568435668945e-01
1.100000023841857910e+00 9.202404320240020752e-02 6.931120157241821289e-01
1.100000023841857910e+00 9.284569323062896729e-02 6.974493861198425293e-01
1.100000023841857910e+00 9.366733580827713013e-02 7.017528414726257324e-01
1.100000023841857910e+00 9.448897838592529297e-02 7.060267925262451172e-01
1.100000023841857910e+00 9.531062096357345581e-02 7.102651000022888184e-01
1.100000023841857910e+00 9.613226354122161865e-02 7.144739627838134766e-01
1.100000023841857910e+00 9.695390611886978149e-02 7.186481952667236328e-01
1.100000023841857910e+00 9.777554869651794434e-02 7.227910161018371582e-01
1.100000023841857910e+00 9.859719127416610718e-02 7.268989682197570801e-01
1.100000023841857910e+00 9.941883385181427002e-02 7.309788465499877930e-01
1.100000023841857910e+00 1.002404764294624329e-01 7.350224256515502930e-01
1.100000023841857910e+00 1.010621264576911926e-01 7.390359640121459961e-01
1.100000023841857910e+00 1.018837690353393555e-01 7.430171370506286621e-01
1.100000023841857910e+00 1.027054116129875183e-01 7.469658851623535156e-01
1.100000023841857910e+00 1.035270541906356812e-01 7.508813738822937012e-01
1.100000023841857910e+00 1.043486967682838440e-01 7.547636032104492188e-01
1.100000023841857910e+00 1.051703393459320068e-01 7.586159706115722656e-01
1.100000023841857910e+00 1.059919819235801697e-01 7.624357342720031738e-01
1.100000023841857910e+00 1.068136245012283325e-01 7.662222981452941895e-01
1.100000023841857910e+00 1.076352670788764954e-01 7.699761986732482910e-01
1.100000023841857910e+00 1.084569096565246582e-01 7.736986875534057617e-01
1.100000023841857910e+00 1.092785522341728210e-01 7.773873209953308105e-01
1.100000023841857910e+00 1.101002022624015808e-01 7.810460925102233887e-01
1.100000023841857910e+00 1.109218448400497437e-01 7.846710681915283203e-01
1.100000023841857910e+00 1.117434874176979065e-01 7.882661819458007812e-01
1.100000023841857910e+00 1.125651299953460693e-01 7.918276786804199219e-01
1.100000023841857910e+00 1.133867725729942322e-01 7.953551411628723145e-01
1.100000023841857910e+00 1.142084151506423950e-01 7.988523244857788086e-01
1.100000023841857910e+00 1.150300577282905579e-01 8.023191690444946289e-01
1.100000023841857910e+00 1.158517003059387207e-01 8.057526350021362305e-01
1.100000023841857910e+00 1.166733428835868835e-01 8.091549277305603027e-01
1.100000023841857910e+00 1.174949854612350464e-01 8.125221729278564453e-01
1.100000023841857910e+00 1.183166354894638062e-01 8.158602714538574219e-01
1.100000023841857910e+00 1.191382780671119690e-01 8.191638588905334473e-01
1.100000023841857910e+00 1.199599206447601318e-01 8.224368691444396973e-01
1.100000023841857910e+00 1.207815632224082947e-01 8.256803154945373535e-01
1.100000023841857910e+00 1.216032058000564575e-01 8.288880586624145508e-01
1.100000023841857910e+00 1.224248483777046204e-01 8.320662379264831543e-01
1.100000023841857910e+00 1.232464909553527832e-01 8.352126479148864746e-01
1.100000023841857910e+00 1.240681335330009460e-01 8.383261561393737793e-01
1.100000023841857910e+00 1.248897761106491089e-01 8.414080142974853516e-01
1.100000023841857910e+00 1.257114261388778687e-01 8.444578647613525391e-01
1.100000023841857910e+00 1.265330612659454346e-01 8.474763035774230957e-01
1.100000023841857910e+00 1.273547112941741943e-01 8.504627943038940430e-01
1.100000023841857910e+00 1.281763464212417603e-01 8.534177541732788086e-01
1.100000023841857910e+00 1.289979964494705200e-01 8.563408255577087402e-01
1.100000023841857910e+00 1.298196315765380859e-01 8.592314124107360840e-01
1.100000023841857910e+00 1.306412816047668457e-01 8.620910644531250000e-01
1.100000023841857910e+00 1.314629316329956055e-01 8.649182319641113281e-01
1.100000023841857910e+00 1.322845667600631714e-01 8.677147030830383301e-01
1.100000023841857910e+00 1.331062167882919312e-01 8.704782128334045410e-01
1.100000023841857910e+00 1.339278519153594971e-01 8.732107877731323242e-01
1.100000023841857910e+00 1.347495019435882568e-01 8.759142756462097168e-01
1.100000023841857910e+00 1.355711370706558228e-01 8.785826563835144043e-01
1.100000023841857910e+00 1.363927870988845825e-01 8.812198638916015625e-01
1.100000023841857910e+00 1.372144222259521484e-01 8.838265538215637207e-01
1.100000023841857910e+00 1.380360722541809082e-01 8.864021897315979004e-01
1.100000023841857910e+00 1.388577073812484741e-01 8.889449238777160645e-01
1.100000023841857910e+00 1.396793574094772339e-01 8.914574980735778809e-01
1.100000023841857910e+00 1.405010074377059937e-01 8.939365744590759277e-01
1.100000023841857910e+00 1.413226425647735596e-01 8.963851928710937500e-01
1.100000023841857910e+00 1.421442925930023193e-01 8.988018035888671875e-01
1.100000023841857910e+00 1.429659277200698853e-01 9.011889100074768066e-01
1.100000023841857910e+00 1.437875777482986450e-01 9.035416245460510254e-01
1.100000023841857910e+00 1.446092128753662109e-01 9.058648347854614258e-01
1.100000023841857910e+00 1.454308629035949707e-01 9.081569910049438477e-01
1.100000023841857910e+00 1.462524980306625366e-01 9.104177951812744141e-01
1.100000023841857910e+00 1.470741480588912964e-01 9.126465320587158203e-01
1.100000023841857910e+00 1.478957831859588623e-01 9.148443341255187988e-01
1.100000023841857910e+00 1.487174332141876221e-01 9.170091748237609863e-01
1.100000023841857910e+00 1.495390832424163818e-01 9.191435575485229492e-01
1.100000023841857910e+00 1.503607183694839478e-01 9.212445616722106934e-01
1.100000023841857910e+00 1.511823683977127075e-01 9.233188033103942871e-01
1.100000023841857910e+00 1.520040035247802734e-01 9.253594875335693359e-01
1.100000023841857910e+00 1.528256535530090332e-01 9.273691773414611816e-01
1.100000023841857910e+00 1.536472886800765991e-01 9.293459653854370117e-01
1.100000023841857910e+00 1.544689387083053589e-01 9.312926530838012695e-01
1.100000023841857910e+00 1.552905738353729248e-01 9.332088828086853027e-01
1.100000023841857910e+00 1.561122238636016846e-01 9.350952506065368652e-01
1.100000023841857910e+00 1.569338589906692505e-01 9.369466304779052734e-01
1.100000023841857910e+00 1.577555090188980103e-01 9.387691617012023926e-01
1.100000023841857910e+00 1.585771590471267700e-01 9.405585527420043945e-01
1.100000023841857910e+00 1.593987941741943359e-01 9.423174262046813965e-01
1.100000023841857910e+00 1.602204442024230957e-01 9.440457224845886230e-01
1.100000023841857910e+00 1.610420793294906616e-01 9.457445144653320312e-01
1.100000023841857910e+00 1.618637293577194214e-01 9.474091529846191406e-01
1.100000023841857910e+00 1.626853644847869873e-01 9.490438103675842285e-01
1.100000023841857910e+00 1.635070145130157471e-01 9.506493806838989258e-01
1.100000023841857910e+00 1.643286496400833130e-01 9.522220492362976074e-01
1.100000023841857910e+00 1.651502996683120728e-01 9.537637233734130859e-01
1.100000023841857910e+00 1.659719347953796387e-01 9.552739262580871582e-01
1.100000023841857910e+00 1.667935848236083984e-01 9.567547440528869629e-01
1.100000023841857910e+00 1.676152348518371582e-01 9.582008123397827148e-01
1.100000023841857910e+00 1.684368699789047241e-01 9.596201181411743164e-01
1.100000023841857910e+00 1.692585200071334839e-01 9.610041975975036621e-01
1.100000023841857910e+00 1.700801551342010498e-01 9.623599052429199219e-01
1.100000023841857910e+00 1.709018051624298096e-01 9.636858105659484863e-01
1.100000023841857910e+00 1.717234402894973755e-01 9.649785161018371582e-01
1.100000023841857910e+00 1.725450903177261353e-01 9.662402868270874023e-01
1.100000023841857910e+00 1.733667254447937012e-01 9.674710631370544434e-01
1.100000023841857910e+00 1.741883754730224609e-01 9.686710834503173828e-01
1.100000023841857910e+00 1.750100106000900269e-01 9.698427319526672363e-01
1.100000023841857910e+00 1.758316606283187866e-01 9.709799885749816895e-01
1.100000023841857910e+00 1.766533106565475464e-01 9.720877408981323242e-01
1.100000023841857910e+00 1.774749457836151123e-01 9.731620550155639648e-01
1.100000023841857910e+00 1.782965958118438721e-01 9.742088317871093750e-01
1.100000023841857910e+00 1.791182309389114380e-01 9.752230644226074219e-01
1.100000023841857910e+00 1.799398809671401978e-01 9.762046933174133301e-01
1.100000023841857910e+00 1.807615160942077637e-01 9.771591424942016602e-01
1.100000023841857910e+00 1.815831661224365234e-01 9.780806899070739746e-01
1.100000023841857910e+00 1.824048012495040894e-01 9.789704680442810059e-01
1.100000023841857910e+00 1.832264512777328491e-01 9.798300266265869141e-01
1.100000023841857910e+00 1.840480864048004150e-01 9.806585311889648438e-01
1.100000023841857910e+00 1.848697364330291748e-01 9.814542531967163086e-01
1.100000023841857910e+00 1.856913864612579346e-01 9.822217822074890137e-01
1.100000023841857910e+00 1.865130215883255005e-01 9.829589724540710449e-01
1.100000023841857910e+00 1.873346716165542603e-01 9.836630821228027344e-01
1.100000023841857910e+00 1.881563067436218262e-01 9.843388199806213379e-01
1.100000023841857910e+00 1.889779567718505859e-01 9.849821329116821289e-01
1.100000023841857910e+00 1.897995918989181519e-01 9.855929613113403320e-01
1.100000023841857910e+00 1.906212419271469116e-01 9.861742854118347168e-01
1.100000023841857910e+00 1.914428770542144775e-01 9.867260456085205078e-01
1.100000023841857910e+00 1.922645270824432373e-01 9.872431755065917969e-01
1.100000023841857910e+00 1.930861771106719971e-01 9.877327084541320801e-01
1.100000023841857910e+00 1.939078122377395630e-01 9.881902933120727539e-01
1.100000023841857910e+00 1.947294622659683228e-01 9.886168837547302246e-01
1.100000023841857910e+00 1.955510973930358887e-01 9.890128970146179199e-01
1.100000023841857910e+00 1.963727474212646484e-01 9.893765449523925781e-01
1.100000023841857910e+00 1.971943825483322144e-01 9.897118210792541504e-01
1.100000023841857910e+00 1.980160325765609741e-01 9.900129437446594238e-01
1.100000023841857910e+00 1.988376677036285400e-01 9.902831315994262695e-01
1.100000023841857910e+00 1.996593177318572998e-01 9.905254244804382324e-01
1.100000023841857910e+00 2.004809528589248657e-01 9.907342791557312012e-01
1.100000023841857910e+00 2.013026028871536255e-01 9.909138679504394531e-01
1.100000023841857910e+00 2.021242529153823853e-01 9.910622239112854004e-01
1.100000023841857910e+00 2.029458880424499512e-01 9.911803007125854492e-01
1.100000023841857910e+00 2.037675380706787109e-01 9.912637472152709961e-01
1.100000023841857910e+00 2.045891731977462769e-01 9.913191199302673340e-01
1.100000023841857910e+00 2.054108232259750366e-01 9.913439750671386719e-01
1.100000023841857910e+00 2.062324583530426025e-01 9.913383126258850098e-01
1.100000023841857910e+00 2.070541083812713623e-01 9.912996888160705566e-01
1.100000023841857910e+00 2.078757435083389282e-01 9.912300705909729004e-01
1.100000023841857910e+00 2.086973935365676880e-01 9.911280870437622070e-01
1.100000023841857910e+00 2.095190435647964478e-01 9.909979701042175293e-01
1.100000023841857910e+00 2.103406786918640137e-01 9.908356070518493652e-01
1.100000023841857910e+00 2.111623287200927734e-01 9.906427860260009766e-01
1.100000023841857910e+00 2.119839638471603394e-01 9.904184341430664062e-01
1.100000023841857910e+00 2.128056138753890991e-01 9.901632070541381836e-01
1.100000023841857910e+00 2.136272490024566650e-01 9.898751974105834961e-01
1.100000023841857910e+00 2.144488990306854248e-01 9.895585775375366211e-01
1.100000023841857910e+00 2.152705341577529907e-01 9.892100691795349121e-01
1.100000023841857910e+00 2.160921841859817505e-01 9.888293743133544922e-01
1.100000023841857910e+00 2.169138193130493164e-01 9.884188175201416016e-01
1.100000023841857910e+00 2.177354693412780762e-01 9.879754185676574707e-01
1.100000023841857910e+00 2.185571193695068359e-01 9.875012636184692383e-01
1.100000023841857910e+00 2.193787544965744019e-01 9.869977235794067383e-01
1.100000023841857910e+00 2.202004045248031616e-01 9.864636659622192383e-01
1.100000023841857910e+00 2.210220396518707275e-01 9.858972430229187012e-01
1.100000023841857910e+00 2.218436896800994873e-01 9.852979183197021484e-01
1.100000023841857910e+00 2.226653248071670532e-01 9.846680164337158203e-01
1.100000023841857910e+00 2.234869748353958130e-01 9.840054512023925781e-01
1.100000023841857910e+00 2.243086099624633789e-01 9.833148121833801270e-01
1.100000023841857910e+00 2.251302599906921387e-01 9.825915098190307617e-01
1.100000023841857910e+00 2.259519100189208984e-01 9.818380475044250488e-01
1.100000023841857910e+00 2.267735451459884644e-01 9.810506105422973633e-01
1.100000023841857910e+00 2.275951951742172241e-01 9.802340865135192871e-01
1.100000023841857910e+00 2.284168303012847900e-01 9.793834090232849121e-01
1.100000023841857910e+00 2.292384803295135498e-01 9.785051345825195312e-01
1.100000023841857910e+00 2.300601154565811157e-01 9.775931835174560547e-01
1.100000023841857910e+00 2.308817654848098755e-01 9.766497611999511719e-01
1.100000023841857910e+00 2.317034006118774414e-01 9.756772518157958984e-01
1.100000023841857910e+00 2.325250506401062012e-01 9.746711850166320801e-01
1.100000023841857910e+00 2.333466857671737671e-01 9.736328721046447754e-01
1.100000023841857910e+00 2.341683357954025269e-01 9.725638628005981445e-01
1.100000023841857910e+00 2.349899858236312866e-01 9.714661836624145508e-01
1.100000023841857910e+00 2.358116209506988525e-01 9.703332185745239258e-01
1.100000023841857910e+00 2.366332709789276123e-01 9.691709280014038086e-01
1.100000023841857910e+00 2.374549061059951782e-01 9.679757952690124512e-01
1.100000023841857910e+00 2.382765561342239380e-01 9.667488932609558105e-01
1.100000023841857910e+00 2.390981912612915039e-01 9.654929041862487793e-01
1.100000023841857910e+00 2.399198412895202637e-01 9.642013907432556152e-01
1.100000023841857910e+00 2.407414764165878296e-01 9.628822803497314453e-01
1.100000023841857910e+00 2.415631264448165894e-01 9.615290164947509766e-01
1.100000023841857910e+00 2.423847615718841553e-01 9.601442813873291016e-01
1.100000023841857910e+00 2.432064116001129150e-01 9.587280750274658203e-01
1.100000023841857910e+00 2.440280616283416748e-01 9.572808742523193359e-01
1.100000023841857910e+00 2.448496967554092407e-01 9.558007717132568359e-01
1.100000023841857910e+00 2.456713467836380005e-01 9.542906880378723145e-01
1.100000023841857910e+00 2.464929819107055664e-01 9.527469277381896973e-01
1.100000023841857910e+00 2.473146319389343262e-01 9.511712193489074707e-01
1.100000023841857910e+00 2.481362670660018921e-01 9.495664238929748535e-01
1.100000023841857910e+00 2.489579170942306519e-01 9.479272961616516113e-01
1.100000023841857910e+00 2.497795522212982178e-01 9.462569355964660645e-01
1.100000023841857910e+00 2.506012022495269775e-01 9.445565342903137207e-01
1.100000023841857910e+00 2.514228224754333496e-01 9.428198933601379395e-01
1.100000023841857910e+00 2.522444725036621094e-01 9.410554170608520508e-01
1.100000023841857910e+00 2.530661225318908691e-01 9.392564892768859863e-01
1.100000023841857910e+00 2.538877725601196289e-01 9.374268651008605957e-01
1.100000023841857910e+00 2.547094225883483887e-01 9.355669617652893066e-01
1.100000023841857910e+00 2.555310726165771484e-01 9.336727261543273926e-01
1.100000023841857910e+00 2.563527226448059082e-01 9.317465424537658691e-01
1.100000023841857910e+00 2.571743428707122803e-01 9.297907948493957520e-01
1.100000023841857910e+00 2.579959928989410400e-01 9.277985692024230957e-01
1.100000023841857910e+00 2.588176131248474121e-01 9.257786870002746582e-01
1.100000023841857910e+00 2.596392631530761719e-01 9.237232208251953125e-01
1.100000023841857910e+00 2.604609131813049316e-01 9.216363430023193359e-01
1.100000023841857910e+00 2.612825632095336914e-01 9.195196628570556641e-01
1.100000023841857910e+00 2.621042132377624512e-01 9.173686504364013672e-01
1.100000023841857910e+00 2.629258632659912109e-01 9.151861667633056641e-01
1.100000023841857910e+00 2.637475132942199707e-01 9.129703044891357422e-01
1.100000023841857910e+00 2.645691335201263428e-01 9.107262492179870605e-01
1.100000023841857910e+00 2.653907835483551025e-01 9.084457755088806152e-01
1.100000023841857910e+00 2.662124037742614746e-01 9.061347842216491699e-01
1.100000023841857910e+00 2.670340538024902344e-01 9.037913680076599121e-01
1.100000023841857910e+00 2.678557038307189941e-01 9.014145135879516602e-01
1.100000023841857910e+00 2.686773538589477539e-01 8.990072607994079590e-01
1.100000023841857910e+00 2.694990038871765137e-01 8.965660333633422852e-01
1.100000023841857910e+00 2.703206539154052734e-01 8.940931558609008789e-01
1.100000023841857910e+00 2.711423039436340332e-01 8.915885686874389648e-01
1.100000023841857910e+00 2.719639241695404053e-01 8.890491127967834473e-01
1.100000023841857910e+00 2.727855741977691650e-01 8.864796757698059082e-01
1.100000023841857910e+00 2.736071944236755371e-01 8.838799595832824707e-01
1.100000023841857910e+00 2.744288444519042969e-01 8.812441825866699219e-01
1.100000023841857910e+00 2.752504944801330566e-01 8.785762786865234375e-01
1.100000023841857910e+00 2.760721445083618164e-01 8.758757114410400391e-01
1.100000023841857910e+00 2.768937945365905762e-01 8.731443285942077637e-01
1.100000023841857910e+00 2.777154445648193359e-01 8.703802824020385742e-01
1.100000023841857910e+00 2.785370647907257080e-01 8.675795793533325195e-01
1.100000023841857910e+00 2.793587148189544678e-01 8.647502064704895020e-01
1.100000023841857910e+00 2.801803648471832275e-01 8.618901371955871582e-01
1.100000023841857910e+00 2.810019850730895996e-01 8.589940071105957031e-01
1.100000023841857910e+00 2.818236351013183594e-01 8.560669422149658203e-01
1.100000023841857910e+00 2.826452851295471191e-01 8.531071543693542480e-01
1.100000023841857910e+00 2.834669351577758789e-01 8.501142859458923340e-01
1.100000023841857910e+00 2.842885851860046387e-01 8.470908403396606445e-01
1.100000023841857910e+00 2.851102352142333984e-01 8.440309762954711914e-01
1.100000023841857910e+00 2.859318554401397705e-01 8.409389257431030273e-01
1.100000023841857910e+00 2.867535054683685303e-01 8.378148674964904785e-01
1.100000023841857910e+00 2.875751554965972900e-01 8.346605896949768066e-01
1.100000023841857910e+00 2.883967757225036621e-01 8.314716815948486328e-01
1.100000023841857910e+00 2.892184257507324219e-01 8.282501101493835449e-01
1.100000023841857910e+00 2.900400757789611816e-01 8.249952197074890137e-01
1.100000023841857910e+00 2.908617258071899414e-01 8.217099905014038086e-01
1.100000023841857910e+00 2.916833758354187012e-01 8.183897733688354492e-01
1.100000023841857910e+00 2.925050258636474609e-01 8.150370121002197266e-01
1.100000023841857910e+00 2.933266460895538330e-01 8.116509914398193359e-01
1.100000023841857910e+00 2.941482961177825928e-01 8.082337379455566406e-01
1.100000023841857910e+00 2.949699461460113525e-01 8.047835230827331543e-01
1.100000023841857910e+00 2.957915663719177246e-01 8.012992143630981445e-01
1.100000023841857910e+00 2.966132164001464844e-01 7.977829575538635254e-01
1.100000023841857910e+00 2.974348664283752441e-01 7.942342758178710938e-01
1.100000023841857910e+00 2.982565164566040039e-01 7.906517982482910156e-01
1.100000023841857910e+00 2.990781664848327637e-01 7.870364189147949219e-01
1.100000023841857910e+00 2.998997867107391357e-01 7.833885550498962402e-01
1.100000023841857910e+00 3.007214367389678955e-01 7.797077894210815430e-01
1.100000023841857910e+00 3.015430867671966553e-01 7.759936451911926270e-01
1.100000023841857910e+00 3.023647367954254150e-01 7.722480297088623047e-01
1.100000023841857910e+00 3.031863570213317871e-01 7.684690356254577637e-01
1.100000023841857910e+00 3.040080070495605469e-01 7.646555304527282715e-01
1.100000023841857910e+00 3.048296570777893066e-01 7.608102560043334961e-01
1.100000023841857910e+00 3.056513071060180664e-01 7.569316625595092773e-01
1.100000023841857910e+00 3.064729571342468262e-01 7.530220150947570801e-01
1.100000023841857910e+00 3.072945773601531982e-01 7.490785121917724609e-01
1.100000023841857910e+00 3.081162273883819580e-01 7.451018691062927246e-01
1.100000023841857910e+00 3.089378774166107178e-01 7.410906553268432617e-01
1.100000023841857910e+00 3.097595274448394775e-01 7.370489239692687988e-01
1.100000023841857910e+00 3.105811476707458496e-01 7.329710125923156738e-01
1.100000023841857910e+00 3.114027976989746094e-01 7.288634777069091797e-01
1.100000023841857910e+00 3.122244477272033691e-01 7.247225642204284668e-01
1.100000023841857910e+00 3.130460977554321289e-01 7.205475568771362305e-01
1.100000023841857910e+00 3.138677477836608887e-01 7.163394093513488770e-01
1.100000023841857910e+00 3.146893680095672607e-01 7.121000885963439941e-01
1.100000023841857910e+00 3.155110180377960205e-01 7.078258395195007324e-01
1.100000023841857910e+00 3.163326680660247803e-01 7.035202383995056152e-01
1.100000023841857910e+00 3.171542882919311523e-01 6.991795301437377930e-01
1.100000023841857910e+00 3.179759383201599121e-01 6.948097348213195801e-01
1.100000023841857910e+00 3.187975883483886719e-01 6.904032826423645020e-01
1.100000023841857910e+00 3.196192383766174316e-01 6.859643459320068359e-01
1.100000023841857910e+00 3.204408884048461914e-01 6.814927458763122559e-01
1.100000023841857910e+00 3.212625384330749512e-01 6.769868135452270508e-01
1.100000023841857910e+00 3.220841586589813232e-01 6.724513173103332520e-01
1.100000023841857910e+00 3.229058086872100830e-01 6.678810715675354004e-01
1.100000023841857910e+00 3.237274587154388428e-01 6.632776260375976562e-01
1.100000023841857910e+00 3.245490789413452148e-01 6.586416959762573242e-01
1.100000023841857910e+00 3.253707289695739746e-01 6.539712548255920410e-01
1.100000023841857910e+00 3.261923789978027344e-01 6.492703557014465332e-01
1.100000023841857910e+00 3.270140290260314941e-01 6.445343494415283203e-01
1.100000023841857910e+00 3.278356790542602539e-01 6.397659182548522949e-01
1.100000023841857910e+00 3.286573290824890137e-01 6.349655389785766602e-01
1.100000023841857910e+00 3.294789493083953857e-01 6.301313042640686035e-01
1.100000023841857910e+00 3.303005993366241455e-01 6.252636909484863281e-01
1.100000023841857910e+00 3.311222493648529053e-01 6.203641295433044434e-01
1.100000023841857910e+00 3.319438695907592773e-01 6.154333949089050293e-01
1.100000023841857910e+00 3.327655196189880371e-01 6.104646921157836914e-01
1.100000023841857910e+00 3.335871696472167969e-01 6.054680943489074707e-01
1.100000023841857910e+00 3.344088196754455566e-01 6.004347801208496094e-01
1.100000023841857910e+00 3.352304697036743164e-01 5.953699946403503418e-01
1.100000023841857910e+00 3.360521197319030762e-01 5.902726054191589355e-01
1.100000023841857910e+00 3.368737399578094482e-01 5.851421952247619629e-01
1.100000023841857910e+00 3.376953899860382080e-01 5.799794197082519531e-01
1.100000023841857910e+00 3.385170400142669678e-01 5.747833251953125000e-01
1.100000023841857910e+00 3.393386602401733398e-01 5.695552229881286621e-01
1.100000023841857910e+00 3.401603102684020996e-01 5.642913579940795898e-01
1.100000023841857910e+00 3.409819602966308594e-01 5.589969754219055176e-01
1.100000023841857910e+00 3.418036103248596191e-01 5.536692142486572266e-01
1.100000023841857910e+00 3.426252603530883789e-01 5.483068823814392090e-01
1.100000023841857910e+00 3.434468805789947510e-01 5.429152846336364746e-01
1.100000023841857910e+00 3.442685306072235107e-01 5.374866724014282227e-01
1.100000023841857910e+00 3.450901806354522705e-01 5.320281982421875000e-01
1.100000023841857910e+00 3.459118306636810303e-01 5.265352129936218262e-01
1.100000023841857910e+00 3.467334508895874023e-01 5.210112929344177246e-01
1.100000023841857910e+00 3.475551009178161621e-01 5.154532194137573242e-01
1.100000023841857910e+00 3.483767509460449219e-01 5.098603367805480957e-01
1.100000023841857910e+00 3.491984009742736816e-01 5.042386651039123535e-01
1.100000023841857910e+00 3.500200510025024414e-01 4.985830485820770264e-01
1.100000023841857910e+00 3.508416712284088135e-01 4.928914606571197510e-01
1.100000023841857910e+00 3.516633212566375732e-01 4.871703088283538818e-01
1.100000023841857910e+00 3.524849712848663330e-01 4.814155399799346924e-01
1.100000023841857910e+00 3.533066213130950928e-01 4.756274223327636719e-01
1.100000023841857910e+00 3.541282415390014648e-01 4.698068499565124512e-01
1.100000023841857910e+00 3.549498915672302246e-01 4.639531672000885010e-01
1.100000023841857910e+00 3.557715415954589844e-01 4.580691754817962646e-01
1.100000023841857910e+00 3.565931916236877441e-01 4.521484971046447754e-01
1.100000023841857910e+00 3.574148416519165039e-01 4.461987018585205078e-01
1.100000023841857910e+00 3.582364618778228760e-01 4.402140974998474121e-01
1.100000023841857910e+00 3.590581119060516357e-01 4.341968297958374023e-01
1.100000023841857910e+00 3.598797619342803955e-01 4.281490743160247803e-01
1.100000023841857910e+00 3.607014119625091553e-01 4.220645725727081299e-01
1.100000023841857910e+00 3.615230321884155273e-01 4.159531295299530029e-01
1.100000023841857910e+00 3.623446822166442871e-01 4.098021388053894043e-01
1.100000023841857910e+00 3.631663322448730469e-01 4.036237001419067383e-01
1.100000023841857910e+00 3.639879822731018066e-01 3.974095284938812256e-01
1.100000023841857910e+00 3.648096323013305664e-01 3.911633789539337158e-01
1.100000023841857910e+00 3.656312525272369385e-01 3.848855197429656982e-01
1.100000023841857910e+00 3.664529025554656982e-01 3.785750269889831543e-01
1.100000023841857910e+00 3.672745525836944580e-01 3.722321093082427979e-01
1.100000023841857910e+00 3.680961728096008301e-01 3.658574521541595459e-01
1.100000023841857910e+00 3.689178228378295898e-01 3.594479858875274658e-01
1.100000023841857910e+00 3.697394728660583496e-01 3.530066013336181641e-01
1.100000023841857910e+00 3.705611228942871094e-01 3.465335071086883545e-01
1.100000023841857910e+00 3.713827729225158691e-01 3.400267660617828369e-01
1.100000023841857910e+00 3.722043931484222412e-01 3.334907293319702148e-01
1.100000023841857910e+00 3.730260431766510010e-01 3.269167542457580566e-01
1.100000023841857910e+00 3.738476932048797607e-01 3.203141987323760986e-01
1.100000023841857910e+00 3.746693432331085205e-01 3.136760890483856201e-01
1.100000023841857910e+00 3.754909634590148926e-01 3.070058226585388184e-01
1.100000023841857910e+00 3.763126134872436523e-01 3.003047704696655273e-01
1.100000023841857910e+00 3.771342635154724121e-01 2.935715615749359131e-01
1.100000023841857910e+00 3.779559135437011719e-01 2.868037819862365723e-01
1.100000023841857910e+00 3.787775635719299316e-01 2.800059318542480469e-01
1.100000023841857910e+00 3.795991837978363037e-01 2.731725871562957764e-01
1.100000023841857910e+00 3.804208338260650635e-01 2.663118243217468262e-01
1.100000023841857910e+00 3.812424838542938232e-01 2.594116926193237305e-01
1.100000023841857910e+00 3.820641338825225830e-01 2.524844110012054443e-01
1.100000023841857910e+00 3.828857541084289551e-01 2.455220818519592285e-01
1.100000023841857910e+00 3.837074041366577148e-01 2.385299205780029297e-01
1.100000023841857910e+00 3.845290541648864746e-01 2.315008342266082764e-01
1.100000023841857910e+00 3.853507041931152344e-01 2.244426608085632324e-01
1.100000023841857910e+00 3.861723542213439941e-01 2.173518091440200806e-01
1.100000023841857910e+00 3.869939744472503662e-01 2.102280706167221069e-01
1.100000023841857910e+00 3.878156244754791260e-01 2.030721306800842285e-01
1.100000023841857910e+00 3.886372745037078857e-01 1.958835422992706299e-01
1.100000023841857910e+00 3.894589245319366455e-01 1.886646896600723267e-01
1.100000023841857910e+00 3.902805447578430176e-01 1.814074218273162842e-01
1.100000023841857910e+00 3.911021947860717773e-01 1.741213202476501465e-01
1.100000023841857910e+00 3.919238448143005371e-01 1.668042093515396118e-01
1.100000023841857910e+00 3.927454948425292969e-01 1.594558805227279663e-01
1.100000023841857910e+00 3.935671448707580566e-01 1.520715504884719849e-01
1.100000023841857910e+00 3.943887650966644287e-01 1.446564644575119019e-01
1.100000023841857910e+00 3.952104151248931885e-01 1.372070461511611938e-01
1.100000023841857910e+00 3.960320651531219482e-01 1.297306865453720093e-01
1.100000023841857910e+00 3.968537151813507080e-01 1.222166568040847778e-01
1.100000023841857910e+00 3.976753354072570801e-01 1.146716400980949402e-01
1.100000023841857910e+00 3.984969854354858398e-01 1.070932373404502869e-01
1.100000023841857910e+00 3.993186354637145996e-01 9.948528558015823364e-02
1.100000023841857910e+00 4.001402854919433594e-01 9.184203296899795532e-02
1.100000023841857910e+00 4.009619355201721191e-01 8.416707813739776611e-02
1.100000023841857910e+00 4.017835557460784912e-01 7.645874470472335815e-02
1.100000023841857910e+00 4.026052057743072510e-01 6.872133165597915649e-02
1.100000023841857910e+00 4.034268558025360107e-01 6.094910949468612671e-02
1.100000023841857910e+00 4.042485058307647705e-01 5.314565822482109070e-02
1.100000023841857910e+00 4.050701260566711426e-01 4.531121253967285156e-02
1.100000023841857910e+00 4.058917760848999023e-01 3.744101896882057190e-02
1.100000023841857910e+00 4.067134261131286621e-01 2.954127453267574310e-02
1.100000023841857910e+00 4.075350761413574219e-01 2.160507813096046448e-02
1.100000023841857910e+00 4.083566963672637939e-01 1.364010944962501526e-02
1.100000023841857910e+00 4.091783463954925537e-01 5.641485564410686493e-03
1.100000023841857910e+00 4.099999964237213135e-01 2.390769077464938164e-03
