1.100000023841857910e+00 0.000000000000000000e+00 -3.501832485198974609e-03
1.100000023841857910e+00 4.141414072364568710e-03 3.699940443038940430e-02
1.100000023841857910e+00 8.282828144729137421e-03 7.667064666748046875e-02
1.100000023841857910e+00 1.242424175143241882e-02 1.155056357383728027e-01
1.100000023841857910e+00 1.656565628945827484e-02 1.535062193870544434e-01
1.100000023841857910e+00 2.070707082748413086e-02 1.906670928001403809e-01
1.100000023841857910e+00 2.484848350286483765e-02 2.269902825355529785e-01
1.100000023841857910e+00 2.898989804089069366e-02 2.624728083610534668e-01
1.100000023841857910e+00 3.313131257891654968e-02 2.971157431602478027e-01
1.100000023841857910e+00 3.727272525429725647e-02 3.309182524681091309e-01
1.100000023841857910e+00 4.141414165496826172e-02 3.638795018196105957e-01
1.100000023841857910e+00 4.555555433034896851e-02 3.960033059120178223e-01
1.100000023841857910e+00 4.969696700572967529e-02 4.272869229316711426e-01
1.100000023841857910e+00 5.383838340640068054e-02 4.577329754829406738e-01
1.100000023841857910e+00 5.797979608178138733e-02 4.873412251472473145e-01
1.100000023841857910e+00 6.212121248245239258e-02 5.161138176918029785e-01
1.100000023841857910e+00 6.626262515783309937e-02 5.440505146980285645e-01
1.100000023841857910e+00 7.040403783321380615e-02 5.711514353752136230e-01
1.100000023841857910e+00 7.454545050859451294e-02 5.974189639091491699e-01
1.100000023841857910e+00 7.868687063455581665e-02 6.228541731834411621e-01
1.100000023841857910e+00 8.282828330993652344e-02 6.474563479423522949e-01
1.100000023841857910e+00 8.696969598531723022e-02 6.712283492088317871e-01
1.100000023841857910e+00 9.111110866069793701e-02 6.941695809364318848e-01
1.100000023841857910e+00 9.525252133607864380e-02 7.162776589393615723e-01
1.100000023841857910e+00 9.939393401145935059e-02 7.375578284263610840e-01
1.100000023841857910e+00 1.035353541374206543e-01 7.580097317695617676e-01
1.100000023841857910e+00 1.076767668128013611e-01 7.776314616203308105e-01
1.100000023841857910e+00 1.118181794881820679e-01 7.964261174201965332e-01
1.100000023841857910e+00 1.159595921635627747e-01 8.143926262855529785e-01
1.100000023841857910e+00 1.201010048389434814e-01 8.315318226814270020e-01
1.100000023841857910e+00 1.242424249649047852e-01 8.478456139564514160e-01
1.100000023841857910e+00 1.283838301897048950e-01 8.633332848548889160e-01
1.100000023841857910e+00 1.325252503156661987e-01 8.779936432838439941e-01
1.100000023841857910e+00 1.366666704416275024e-01 8.918307423591613770e-01
1.100000023841857910e+00 1.408080756664276123e-01 9.048416018486022949e-01
1.100000023841857910e+00 1.449494957923889160e-01 9.170292019844055176e-01
1.100000023841857910e+00 1.490909010171890259e-01 9.283931851387023926e-01
1.100000023841857910e+00 1.532323211431503296e-01 9.389342665672302246e-01
1.100000023841857910e+00 1.573737412691116333e-01 9.486524462699890137e-01
1.100000023841857910e+00 1.615151464939117432e-01 9.575487971305847168e-01
1.100000023841857910e+00 1.656565666198730469e-01 9.656248688697814941e-01
1.100000023841857910e+00 1.697979718446731567e-01 9.728794693946838379e-01
1.100000023841857910e+00 1.739393919706344604e-01 9.793136715888977051e-01
1.100000023841857910e+00 1.780808120965957642e-01 9.849308133125305176e-01
1.100000023841857910e+00 1.822222173213958740e-01 9.897271990776062012e-01
1.100000023841857910e+00 1.863636374473571777e-01 9.937061667442321777e-01
1.100000023841857910e+00 1.905050426721572876e-01 9.968689084053039551e-01
1.100000023841857910e+00 1.946464627981185913e-01 9.992138743400573730e-01
1.100000023841857910e+00 1.987878680229187012e-01 1.000742912292480469e+00
1.100000023841857910e+00 2.029292881488800049e-01 1.001456737518310547e+00
1.100000023841857910e+00 2.070707082748413086e-01 1.001355171203613281e+00
1.100000023841857910e+00 2.112121284008026123e-01 1.000439167022705078e+00
1.100000023841857910e+00 2.153535336256027222e-01 9.987090229988098145e-01
1.100000023841857910e+00 2.194949537515640259e-01 9.961658120155334473e-01
1.100000023841857910e+00 2.236363589763641357e-01 9.928082823753356934e-01
1.100000023841857910e+00 2.277777791023254395e-01 9.886382222175598145e-01
1.100000023841857910e+00 2.319191843271255493e-01 9.836564660072326660e-01
1.100000023841857910e+00 2.360606044530868530e-01 9.778613448143005371e-01
1.100000023841857910e+00 2.402020245790481567e-01 9.712527394294738770e-01
1.100000023841857910e+00 2.443434298038482666e-01 9.638331532478332520e-01
1.100000023841857910e+00 2.484848499298095703e-01 9.556015133857727051e-01
1.100000023841857910e+00 2.526262402534484863e-01 9.465566277503967285e-01
1.100000023841857910e+00 2.567676901817321777e-01 9.366996884346008301e-01
1.100000023841857910e+00 2.609090805053710938e-01 9.260308146476745605e-01
1.100000023841857910e+00 2.650505006313323975e-01 9.145478606224060059e-01
1.100000023841857910e+00 2.691919207572937012e-01 9.022546410560607910e-01
1.100000023841857910e+00 2.733333110809326172e-01 8.891466259956359863e-01
1.100000023841857910e+00 2.774747610092163086e-01 8.752260804176330566e-01
1.100000023841857910e+00 2.816161513328552246e-01 8.604925274848937988e-01
1.100000023841857910e+00 2.857575714588165283e-01 8.449450135231018066e-01
1.100000023841857910e+00 2.898989915847778320e-01 8.285838961601257324e-01
1.100000023841857910e+00 2.940404117107391357e-01 8.114085793495178223e-01
1.100000023841857910e+00 2.981818318367004395e-01 7.934179902076721191e-01
1.100000023841857910e+00 3.023232221603393555e-01 7.746124863624572754e-01
1.100000023841857910e+00 3.064646422863006592e-01 7.549913525581359863e-01
1.100000023841857910e+00 3.106060624122619629e-01 7.345554232597351074e-01
1.100000023841857910e+00 3.147474825382232666e-01 7.133025527000427246e-01
1.100000023841857910e+00 3.188889026641845703e-01 6.912325024604797363e-01
1.100000023841857910e+00 3.230302929878234863e-01 6.683456301689147949e-01
1.100000023841857910e+00 3.271717131137847900e-01 6.446407437324523926e-01
1.100000023841857910e+00 3.313131332397460938e-01 6.201184391975402832e-01
1.100000023841857910e+00 3.354545533657073975e-01 5.947749018669128418e-01
1.100000023841857910e+00 3.395959734916687012e-01 5.686140656471252441e-01
1.100000023841857910e+00 3.437373638153076172e-01 5.416322350502014160e-01
1.100000023841857910e+00 3.478787839412689209e-01 5.138300061225891113e-01
1.100000023841857910e+00 3.520202040672302246e-01 4.852045178413391113e-01
1.100000023841857910e+00 3.561616241931915283e-01 4.557568430900573730e-01
1.100000023841857910e+00 3.603030443191528320e-01 4.254866242408752441e-01
1.100000023841857910e+00 3.644444346427917480e-01 3.943915963172912598e-01
1.100000023841857910e+00 3.685858547687530518e-01 3.624717593193054199e-01
1.100000023841857910e+00 3.727272748947143555e-01 3.297252058982849121e-01
1.100000023841857910e+00 3.768686950206756592e-01 2.961536049842834473e-01
1.100000023841857910e+00 3.810100853443145752e-01 2.617545723915100098e-01
1.100000023841857910e+00 3.851515054702758789e-01 2.265264391899108887e-01
1.100000023841857910e+00 3.892929255962371826e-01 1.904709339141845703e-01
1.100000023841857910e+00 3.934343457221984863e-01 1.535864472389221191e-01
1.100000023841857910e+00 3.975757658481597900e-01 1.158725619316101074e-01
1.100000023841857910e+00 4.017171561717987061e-01 7.733160257339477539e-02
1.100000023841857910e+00 4.058585762977600098e-01 3.796213865280151367e-02
1.100000023841857910e+00 4.099999964237213135e-01 -2.235352993011474609e-03
