1.100000023841857910e+00 0.000000000000000000e+00 -1.213580444455146790e-01
1.100000023841857910e+00 4.555555433034896851e-02 -1.156357452273368835e-01
1.100000023841857910e+00 9.111110866069793701e-02 -1.096731051802635193e-01
1.100000023841857910e+00 1.366666555404663086e-01 -1.034714207053184509e-01
1.100000023841857910e+00 1.822222173213958740e-01 -9.703279286623001099e-02
1.100000023841857910e+00 2.277777791023254395e-01 -9.036038070917129517e-02
1.100000023841857910e+00 2.733333408832550049e-01 -8.345792442560195923e-02
1.100000023841857910e+00 3.188889026641845703e-01 -7.633007317781448364e-02
1.100000023841857910e+00 3.644444346427917480e-01 -6.898233294486999512e-02
1.100000023841857910e+00 4.099999964237213135e-01 -6.142105907201766968e-02
