0.000000000000000000e+00 0.000000000000000000e+00 5.422138571739196777e-01
0.000000000000000000e+00 1.010101009160280228e-02 1.010459065437316895e+00
0.000000000000000000e+00 2.020202018320560455e-02 9.924229979515075684e-01
0.000000000000000000e+00 3.030303120613098145e-02 9.875041246414184570e-01
0.000000000000000000e+00 4.040404036641120911e-02 9.856014847755432129e-01
0.000000000000000000e+00 5.050504952669143677e-02 9.846803545951843262e-01
0.000000000000000000e+00 6.060606241226196289e-02 9.845620989799499512e-01
0.000000000000000000e+00 7.070706784725189209e-02 9.851147532463073730e-01
0.000000000000000000e+00 8.080808073282241821e-02 9.861360192298889160e-01
0.000000000000000000e+00 9.090909361839294434e-02 9.874334931373596191e-01
0.000000000000000000e+00 1.010100990533828735e-01 9.888619780540466309e-01
0.000000000000000000e+00 1.111111119389533997e-01 9.903248548507690430e-01
0.000000000000000000e+00 1.212121248245239258e-01 9.917628765106201172e-01
0.000000000000000000e+00 1.313131302595138550e-01 9.931433200836181641e-01
0.000000000000000000e+00 1.414141356945037842e-01 9.944477677345275879e-01
0.000000000000000000e+00 1.515151560306549072e-01 9.956693053245544434e-01
0.000000000000000000e+00 1.616161614656448364e-01 9.968063235282897949e-01
0.000000000000000000e+00 1.717171669006347656e-01 9.978601932525634766e-01
0.000000000000000000e+00 1.818181872367858887e-01 9.988338947296142578e-01
0.000000000000000000e+00 1.919191926717758179e-01 9.997320771217346191e-01
0.000000000000000000e+00 2.020201981067657471e-01 1.000559210777282715e+00
0.000000000000000000e+00 2.121212184429168701e-01 1.001319408416748047e+00
0.000000000000000000e+00 2.222222238779067993e-01 1.002017855644226074e+00
0.000000000000000000e+00 2.323232293128967285e-01 1.002658247947692871e+00
0.000000000000000000e+00 2.424242496490478516e-01 1.003245353698730469e+00
0.000000000000000000e+00 2.525252401828765869e-01 1.003782272338867188e+00
0.000000000000000000e+00 2.626262605190277100e-01 1.004273056983947754e+00
0.000000000000000000e+00 2.727272808551788330e-01 1.004720687866210938e+00
0.000000000000000000e+00 2.828282713890075684e-01 1.005128622055053711e+00
0.000000000000000000e+00 2.929292917251586914e-01 1.005499601364135742e+00
0.000000000000000000e+00 3.030303120613098145e-01 1.005836009979248047e+00
0.000000000000000000e+00 3.131313025951385498e-01 1.006140232086181641e+00
0.000000000000000000e+00 3.232323229312896729e-01 1.006414771080017090e+00
0.000000000000000000e+00 3.333333432674407959e-01 1.006661653518676758e+00
0.000000000000000000e+00 3.434343338012695312e-01 1.006882667541503906e+00
0.000000000000000000e+00 3.535353541374206543e-01 1.007079362869262695e+00
0.000000000000000000e+00 3.636363744735717773e-01 1.007254004478454590e+00
0.000000000000000000e+00 3.737373650074005127e-01 1.007407188415527344e+00
0.000000000000000000e+00 3.838383853435516357e-01 1.007540583610534668e+00
0.000000000000000000e+00 3.939394056797027588e-01 1.007655262947082520e+00
0.000000000000000000e+00 4.040403962135314941e-01 1.007752656936645508e+00
0.000000000000000000e+00 4.141414165496826172e-01 1.007833600044250488e+00
0.000000000000000000e+00 4.242424368858337402e-01 1.007898926734924316e+00
0.000000000000000000e+00 4.343434274196624756e-01 1.007949471473693848e+00
0.000000000000000000e+00 4.444444477558135986e-01 1.007986307144165039e+00
0.000000000000000000e+00 4.545454680919647217e-01 1.008009672164916992e+00
0.000000000000000000e+00 4.646464586257934570e-01 1.008020162582397461e+00
0.000000000000000000e+00 4.747474789619445801e-01 1.008018612861633301e+00
0.000000000000000000e+00 4.848484992980957031e-01 1.008005261421203613e+00
0.000000000000000000e+00 4.949494898319244385e-01 1.007981061935424805e+00
0.000000000000000000e+00 5.050505399703979492e-01 1.007945418357849121e+00
0.000000000000000000e+00 5.151515007019042969e-01 1.007899403572082520e+00
0.000000000000000000e+00 5.252525210380554199e-01 1.007842659950256348e+00
0.000000000000000000e+00 5.353535413742065430e-01 1.007776021957397461e+00
0.000000000000000000e+00 5.454545021057128906e-01 1.007699251174926758e+00
0.000000000000000000e+00 5.555555820465087891e-01 1.007612466812133789e+00
0.000000000000000000e+00 5.656565427780151367e-01 1.007515907287597656e+00
0.000000000000000000e+00 5.757575631141662598e-01 1.007409572601318359e+00
0.000000000000000000e+00 5.858585834503173828e-01 1.007292985916137695e+00
0.000000000000000000e+00 5.959596037864685059e-01 1.007166624069213867e+00
0.000000000000000000e+00 6.060606241226196289e-01 1.007029891014099121e+00
0.000000000000000000e+00 6.161615848541259766e-01 1.006882548332214355e+00
0.000000000000000000e+00 6.262626647949218750e-01 1.006724834442138672e+00
0.000000000000000000e+00 6.363636255264282227e-01 1.006556153297424316e+00
0.000000000000000000e+00 6.464646458625793457e-01 1.006375789642333984e+00
0.000000000000000000e+00 6.565656661987304688e-01 1.006183505058288574e+00
0.000000000000000000e+00 6.666666269302368164e-01 1.005979061126708984e+00
0.000000000000000000e+00 6.767677068710327148e-01 1.005761265754699707e+00
0.000000000000000000e+00 6.868686676025390625e-01 1.005529284477233887e+00
0.000000000000000000e+00 6.969696879386901855e-01 1.005282878875732422e+00
0.000000000000000000e+00 7.070707082748413086e-01 1.005020618438720703e+00
0.000000000000000000e+00 7.171717286109924316e-01 1.004741191864013672e+00
0.000000000000000000e+00 7.272727489471435547e-01 1.004443645477294922e+00
0.000000000000000000e+00 7.373737096786499023e-01 1.004126429557800293e+00
0.000000000000000000e+00 7.474747896194458008e-01 1.003787875175476074e+00
0.000000000000000000e+00 7.575757503509521484e-01 1.003426194190979004e+00
0.000000000000000000e+00 7.676767706871032715e-01 1.003039598464965820e+00
0.000000000000000000e+00 7.777777910232543945e-01 1.002625226974487305e+00
0.000000000000000000e+00 7.878787517547607422e-01 1.002181291580200195e+00
0.000000000000000000e+00 7.979798316955566406e-01 1.001704573631286621e+00
0.000000000000000000e+00 8.080807924270629883e-01 1.001192927360534668e+00
0.000000000000000000e+00 8.181818127632141113e-01 1.000642776489257812e+00
0.000000000000000000e+00 8.282828330993652344e-01 1.000051140785217285e+00
0.000000000000000000e+00 8.383838534355163574e-01 9.994146823883056641e-01
0.000000000000000000e+00 8.484848737716674805e-01 9.987297058105468750e-01
0.000000000000000000e+00 8.585858345031738281e-01 9.979920983314514160e-01
0.000000000000000000e+00 8.686868548393249512e-01 9.971960186958312988e-01
0.000000000000000000e+00 8.787878751754760742e-01 9.963352680206298828e-01
0.000000000000000000e+00 8.888888955116271973e-01 9.953999519348144531e-01
0.000000000000000000e+00 8.989899158477783203e-01 9.943761825561523438e-01
0.000000000000000000e+00 9.090908765792846680e-01 9.932464361190795898e-01
0.000000000000000000e+00 9.191918969154357910e-01 9.919936656951904297e-01
0.000000000000000000e+00 9.292929172515869141e-01 9.906206727027893066e-01
0.000000000000000000e+00 9.393939375877380371e-01 9.892107844352722168e-01
0.000000000000000000e+00 9.494949579238891602e-01 9.880810379981994629e-01
0.000000000000000000e+00 9.595959782600402832e-01 9.881270527839660645e-01
0.000000000000000000e+00 9.696969985961914062e-01 9.913660287857055664e-01
0.000000000000000000e+00 9.797979593276977539e-01 1.000586867332458496e+00
0.000000000000000000e+00 9.898989796638488770e-01 1.010098814964294434e+00
0.000000000000000000e+00 1.000000000000000000e+00 9.144164919853210449e-01
